"Trial Name","Boss Name","ESO Logs Player Link","Player Handle","Character Name","Build Slug","Role","Subclass 1","Subclass 2","Subclass 3","Signature Set 1","Signature Set 2","DPS","HPS","CPM","Primary Metric","Mundus Stone","Gear: Head","Gear: Chest","Gear: Shoulders","Gear: Hands","Gear: Waist","Gear: Legs","Gear: Feet","Gear: Necklace","Gear: Ring1","Gear: Ring2","Gear: Main_Hand","Gear: Off_Hand","Gear: Backup_Main_Hand","Gear: Backup_Off_Hand","Bar 1 Ability 1","Bar 1 Ability 2","Bar 1 Ability 3","Bar 1 Ability 4","Bar 1 Ability 5","Bar 1 Ability 6","Bar 2 Ability 1","Bar 2 Ability 2","Bar 2 Ability 3","Bar 2 Ability 4","Bar 2 Ability 5","Bar 2 Ability 6"
"Lucent Citadel","Zilyesset / Count Ryelaz","https://www.esologs.com/reports/VyvdT4M7BqxRZwFp#fight=27&type=summary&source=15","@WiGe06","tebzi pagnumaith","grave-herald-x-corpseburster-perfected-slivers-of-the-null-arca","dps","Grave","Herald","x","Corpseburster","Perfected Slivers of the Null Arca","209685.6","2228.2","92.1","209685.6 DPS","","Corpseburster Helmet (Corpseburster)","Perfected Null Arca Jack (Perfected Slivers of the Null Arca)","The Blind Arm Cops (The Blind)","Perfected Null Arca Bracers (Perfected Slivers of the Null Arca)","","Perfected Null Arca Guards (Perfected Slivers of the Null Arca)","Perfected Null Arca Boots (Perfected Slivers of the Null Arca)","","Corpseburster Ring (Corpseburster)","Corpseburster Ring (Corpseburster)","Corpseburster Dagger (Corpseburster)","Corpseburster Dagger (Corpseburster)","The Maelstrom's Perfected Greatsword (Perfected Merciless Charge)"," ()","Banner Bearer","Unnerving Boneyard","Blighted Blastbones","Detonating Siphon","Venom Skull","Flawless Dawnbreaker","Banner Bearer","Stampede","Carve","Barbed Trap","Skeletal Archer","Shooting Star"
"Lucent Citadel","Zilyesset / Count Ryelaz","https://www.esologs.com/reports/VyvdT4M7BqxRZwFp#fight=27&type=summary&source=14","@JuicyJelly","Kek Cro","grave-herald-x-corpseburster-perfected-slivers-of-the-null-arca","dps","Grave","Herald","x","Perfected Slivers of the Null Arca","Corpseburster","196363.8","17592.0","81.7","196363.8 DPS","","Slimecraw Mask (Slimecraw)","Perfected Null Arca Jack (Perfected Slivers of the Null Arca)","Perfected Null Arca Arm Cops (Perfected Slivers of the Null Arca)","Perfected Null Arca Bracers (Perfected Slivers of the Null Arca)","","Perfected Null Arca Guards (Perfected Slivers of the Null Arca)","Perfected Null Arca Boots (Perfected Slivers of the Null Arca)","","Corpseburster Ring (Corpseburster)","Corpseburster Ring (Corpseburster)","Corpseburster Dagger (Corpseburster)","Corpseburster Dagger (Corpseburster)","The Maelstrom's Perfected Greatsword (Perfected Merciless Charge)"," ()","Detonating Siphon","Blighted Blastbones","Venom Skull","Unnerving Boneyard","Banner Bearer","Flawless Dawnbreaker","Stampede","Carve","Barbed Trap","Skeletal Archer","Banner Bearer","Glacial Colossus"
"Lucent Citadel","Zilyesset / Count Ryelaz","https://www.esologs.com/reports/VyvdT4M7BqxRZwFp#fight=27&type=summary&source=16","@Drkif","ßarale","grave-herald-x-corpseburster-perfected-slivers-of-the-null-arca","dps","Grave","Herald","x","Perfected Slivers of the Null Arca","Corpseburster","199329.1","12222.7","79.4","199329.1 DPS","","Valkyn Skoria Guise (Valkyn Skoria)","Perfected Null Arca Jack (Perfected Slivers of the Null Arca)","Corpseburster Arm Cops (Corpseburster)","Perfected Null Arca Bracers (Perfected Slivers of the Null Arca)","","Perfected Null Arca Guards (Perfected Slivers of the Null Arca)","Perfected Null Arca Boots (Perfected Slivers of the Null Arca)","","Corpseburster Ring (Corpseburster)","Corpseburster Ring (Corpseburster)","Corpseburster Dagger (Corpseburster)","Corpseburster Dagger (Corpseburster)","The Maelstrom's Perfected Greatsword (Perfected Merciless Charge)"," ()","Venom Skull","Blighted Blastbones","Unnerving Boneyard","Detonating Siphon","Banner Bearer","Flawless Dawnbreaker","Skeletal Archer","Stampede","Carve","Barbed Trap","Banner Bearer","Shooting Star"
"Lucent Citadel","Zilyesset / Count Ryelaz","https://www.esologs.com/reports/VyvdT4M7BqxRZwFp#fight=27&type=summary&source=8","@CinisMortis","Necrocinis","grave-herald-x-corpseburster-perfected-slivers-of-the-null-arca","dps","Grave","Herald","x","Perfected Slivers of the Null Arca","Corpseburster","124077.8","8432.6","52.1","124077.8 DPS","","Slimecraw Mask (Slimecraw)","Perfected Null Arca Jack (Perfected Slivers of the Null Arca)","Corpseburster Arm Cops (Corpseburster)","Perfected Null Arca Bracers (Perfected Slivers of the Null Arca)","","Perfected Null Arca Guards (Perfected Slivers of the Null Arca)","Perfected Null Arca Boots (Perfected Slivers of the Null Arca)","","Corpseburster Ring (Corpseburster)","Shattered Paths Signet (Shattered Paths Signet)","Corpseburster Axe (Corpseburster)","Corpseburster Dagger (Corpseburster)","The Maelstrom's Perfected Greatsword (Perfected Merciless Charge)"," ()","Blighted Blastbones","Venom Skull","Detonating Siphon","Avid Boneyard","Banner Bearer","Glacial Colossus","Stampede","Carve","Skeletal Archer","Barbed Trap","Banner Bearer","Flawless Dawnbreaker"
"Lucent Citadel","Zilyesset / Count Ryelaz","https://www.esologs.com/reports/VyvdT4M7BqxRZwFp#fight=27&type=summary&source=4","@Glorious_ufs","Enlightened man","grave-herald-x-corpseburster-perfected-slivers-of-the-null-arca","dps","Grave","Herald","x","Perfected Slivers of the Null Arca","Corpseburster","278965.3","8808.9","92.6","278965.3 DPS","","Huntsman's Warmask (Huntsman's Warmask)","Perfected Null Arca Jack (Perfected Slivers of the Null Arca)","Zaan Epaulets (Zaan)","Perfected Null Arca Bracers (Perfected Slivers of the Null Arca)","","Perfected Null Arca Guards (Perfected Slivers of the Null Arca)","Perfected Null Arca Boots (Perfected Slivers of the Null Arca)","","Corpseburster Ring (Corpseburster)","Corpseburster Ring (Corpseburster)","Corpseburster Dagger (Corpseburster)","Corpseburster Dagger (Corpseburster)","The Maelstrom's Perfected Greatsword (Perfected Merciless Charge)"," ()","Venom Skull","Blighted Blastbones","Unnerving Boneyard","Banner Bearer","Detonating Siphon","Flawless Dawnbreaker","Stampede","Carve","Skeletal Archer","Banner Bearer","Barbed Trap","Pestilent Colossus"
"Lucent Citadel","Zilyesset / Count Ryelaz","https://www.esologs.com/reports/VyvdT4M7BqxRZwFp#fight=27&type=summary&source=2","@CaliburXIII","Cal Sees Dead People","grave-herald-x-corpseburster-perfected-slivers-of-the-null-arca","dps","Grave","Herald","x","Perfected Slivers of the Null Arca","Corpseburster","220525.8","9859.6","70.6","220525.8 DPS","","Huntsman's Warmask (Huntsman's Warmask)","Perfected Null Arca Jack (Perfected Slivers of the Null Arca)","Corpseburster Epaulets (Corpseburster)","Perfected Null Arca Bracers (Perfected Slivers of the Null Arca)","","Perfected Null Arca Guards (Perfected Slivers of the Null Arca)","Perfected Null Arca Boots (Perfected Slivers of the Null Arca)","","Corpseburster Ring (Corpseburster)","Corpseburster Ring (Corpseburster)","Corpseburster Dagger (Corpseburster)","Corpseburster Dagger (Corpseburster)","The Maelstrom's Perfected Greatsword (Perfected Merciless Charge)"," ()","Blighted Blastbones","Venom Skull","Unnerving Boneyard","Detonating Siphon","Banner Bearer","Flawless Dawnbreaker","Stampede","Barbed Trap","Carve","Skeletal Archer","Banner Bearer","Glacial Colossus"
"Lucent Citadel","Zilyesset / Count Ryelaz","https://www.esologs.com/reports/VyvdT4M7BqxRZwFp#fight=27&type=summary&source=5","@Cixa","Cixa Nostus","grave-herald-x-corpseburster-perfected-slivers-of-the-null-arca","dps","Grave","Herald","x","Perfected Slivers of the Null Arca","Corpseburster","148074.4","3336.4","55.0","148074.4 DPS","","Huntsman's Warmask (Huntsman's Warmask)","Perfected Null Arca Jack (Perfected Slivers of the Null Arca)","Slimecraw Arm Cops (Slimecraw)","Perfected Null Arca Bracers (Perfected Slivers of the Null Arca)","","Perfected Null Arca Guards (Perfected Slivers of the Null Arca)","Perfected Null Arca Boots (Perfected Slivers of the Null Arca)","","Corpseburster Ring (Corpseburster)","Corpseburster Ring (Corpseburster)","Corpseburster Dagger (Corpseburster)","Corpseburster Dagger (Corpseburster)","The Maelstrom's Perfected Greatsword (Perfected Merciless Charge)"," ()","Blighted Blastbones","Detonating Siphon","Venom Skull","Unnerving Boneyard","Banner Bearer","Flawless Dawnbreaker","Barbed Trap","Skeletal Arcanist","Stampede","Carve","Banner Bearer","Ice Comet"
"Lucent Citadel","Zilyesset / Count Ryelaz","https://www.esologs.com/reports/VyvdT4M7BqxRZwFp#fight=27&type=summary&source=4","@DonMattios17895","Boneyard of Broken Dreams","grave-herald-x-corpseburster-perfected-slivers-of-the-null-arca","dps","Grave","Herald","x","Perfected Slivers of the Null Arca","Corpseburster","188347.3","8504.9","85.2","188347.3 DPS","","Huntsman's Warmask (Huntsman's Warmask)","Perfected Null Arca Jack (Perfected Slivers of the Null Arca)","Slimecraw Arm Cops (Slimecraw)","Perfected Null Arca Bracers (Perfected Slivers of the Null Arca)","","Perfected Null Arca Guards (Perfected Slivers of the Null Arca)","Perfected Null Arca Boots (Perfected Slivers of the Null Arca)","","Corpseburster Ring (Corpseburster)","Corpseburster Ring (Corpseburster)","Corpseburster Dagger (Corpseburster)","Corpseburster Dagger (Corpseburster)","The Maelstrom's Perfected Greatsword (Perfected Merciless Charge)"," ()","Banner Bearer","Blighted Blastbones","Unnerving Boneyard","Venom Skull","Detonating Siphon","Pestilent Colossus","Barbed Trap","Stampede","Carve","Skeletal Arcanist","Banner Bearer","Pestilent Colossus"
"Lucent Citadel","Zilyesset / Count Ryelaz","https://www.esologs.com/reports/VyvdT4M7BqxRZwFp#fight=27&type=summary&source=7","@LeopardoColorido","Jimim do Dps","grave-herald-x-corpseburster-perfected-slivers-of-the-null-arca","dps","Grave","Herald","x","Perfected Slivers of the Null Arca","Corpseburster","170479.7","10922.5","77.2","170479.7 DPS","","Huntsman's Warmask (Huntsman's Warmask)","Perfected Null Arca Jack (Perfected Slivers of the Null Arca)","Slimecraw Arm Cops (Slimecraw)","Perfected Null Arca Bracers (Perfected Slivers of the Null Arca)","","Perfected Null Arca Guards (Perfected Slivers of the Null Arca)","Corpseburster Boots (Corpseburster)","","Corpseburster Ring (Corpseburster)","Corpseburster Ring (Corpseburster)","Perfected Null Arca Dagger (Perfected Slivers of the Null Arca)","Perfected Null Arca Dagger (Perfected Slivers of the Null Arca)","The Maelstrom's Perfected Greatsword (Perfected Merciless Charge)"," ()","Blighted Blastbones","Venom Skull","Avid Boneyard","Detonating Siphon","Banner Bearer","Flawless Dawnbreaker","Stampede","Barbed Trap","Carve","Skeletal Arcanist","Banner Bearer","Shooting Star"
"Lucent Citadel","Zilyesset / Count Ryelaz","https://www.esologs.com/reports/VyvdT4M7BqxRZwFp#fight=27&type=summary&source=38","@RayRegiCide","Ray Yūrei","grave-herald-x-corpseburster-perfected-slivers-of-the-null-arca","dps","Grave","Herald","x","Perfected Slivers of the Null Arca","Corpseburster","269004.4","6613.3","89.1","269004.4 DPS","","Huntsman's Warmask (Huntsman's Warmask)","Perfected Null Arca Jack (Perfected Slivers of the Null Arca)","Slimecraw Epaulets (Slimecraw)","Perfected Null Arca Bracers (Perfected Slivers of the Null Arca)","","Perfected Null Arca Guards (Perfected Slivers of the Null Arca)","Perfected Null Arca Boots (Perfected Slivers of the Null Arca)","","Corpseburster Ring (Corpseburster)","Corpseburster Ring (Corpseburster)","Corpseburster Dagger (Corpseburster)","Corpseburster Dagger (Corpseburster)","The Maelstrom's Perfected Greatsword (Perfected Merciless Charge)"," ()","Detonating Siphon","Blighted Blastbones","Unnerving Boneyard","Venom Skull","Banner Bearer","Flawless Dawnbreaker","Skeletal Archer","Carve","Stampede","Barbed Trap","Banner Bearer","Shooting Star"
"Lucent Citadel","Zilyesset / Count Ryelaz","https://www.esologs.com/reports/VyvdT4M7BqxRZwFp#fight=27&type=summary&source=16","@Athic","Sadryn Aran","grave-herald-x-corpseburster-perfected-slivers-of-the-null-arca","dps","Grave","Herald","x","Perfected Slivers of the Null Arca","Corpseburster","257283.1","13549.3","81.6","257283.1 DPS","","Huntsman's Warmask (Huntsman's Warmask)","Perfected Null Arca Jack (Perfected Slivers of the Null Arca)","Zaan Arm Cops (Zaan)","Perfected Null Arca Bracers (Perfected Slivers of the Null Arca)","","Perfected Null Arca Guards (Perfected Slivers of the Null Arca)","Perfected Null Arca Boots (Perfected Slivers of the Null Arca)","","Corpseburster Ring (Corpseburster)","Corpseburster Ring (Corpseburster)","Corpseburster Dagger (Corpseburster)","Corpseburster Dagger (Corpseburster)","The Maelstrom's Perfected Greatsword (Perfected Merciless Charge)"," ()","Venom Skull","Detonating Siphon","Unnerving Boneyard","Blighted Blastbones","Banner Bearer","Pestilent Colossus","Skeletal Archer","Carve","Barbed Trap","Stampede","Banner Bearer","Pestilent Colossus"
"Lucent Citadel","Zilyesset / Count Ryelaz","https://www.esologs.com/reports/VyvdT4M7BqxRZwFp#fight=27&type=summary&source=1","@JC34567","Alastai Fyebrand","grave-herald-x-corpseburster-perfected-slivers-of-the-null-arca","dps","Grave","Herald","x","Perfected Slivers of the Null Arca","Corpseburster","197928.9","11872.8","69.8","197928.9 DPS","","Huntsman's Warmask (Huntsman's Warmask)","Perfected Null Arca Jack (Perfected Slivers of the Null Arca)","Slimecraw Epaulets (Slimecraw)","Perfected Null Arca Bracers (Perfected Slivers of the Null Arca)","","Perfected Null Arca Guards (Perfected Slivers of the Null Arca)","Perfected Null Arca Boots (Perfected Slivers of the Null Arca)","","Corpseburster Ring (Corpseburster)","Corpseburster Ring (Corpseburster)","Corpseburster Dagger (Corpseburster)","Corpseburster Axe (Corpseburster)","The Maelstrom's Perfected Greatsword (Perfected Merciless Charge)"," ()","Detonating Siphon","Blighted Blastbones","Unnerving Boneyard","Venom Skull","Banner Bearer","Glacial Colossus","Stampede","Carve","Skeletal Archer","Barbed Trap","Banner Bearer","Glacial Colossus"
"Lucent Citadel","Zilyesset / Count Ryelaz","https://www.esologs.com/reports/VyvdT4M7BqxRZwFp#fight=27&type=summary&source=11","@Glorious_ufs","Enlightened man","grave-herald-x-corpseburster-perfected-slivers-of-the-null-arca","dps","Grave","Herald","x","Perfected Slivers of the Null Arca","Corpseburster","286482.5","6317.5","85.3","286482.5 DPS","The Atronach","Huntsman's Warmask (Huntsman's Warmask)","Perfected Null Arca Jack (Perfected Slivers of the Null Arca)","Zaan Epaulets (Zaan)","Perfected Null Arca Bracers (Perfected Slivers of the Null Arca)","","Perfected Null Arca Guards (Perfected Slivers of the Null Arca)","Perfected Null Arca Boots (Perfected Slivers of the Null Arca)","","Corpseburster Ring (Corpseburster)","Corpseburster Ring (Corpseburster)","Corpseburster Dagger (Corpseburster)","Corpseburster Dagger (Corpseburster)","The Maelstrom's Perfected Greatsword (Perfected Merciless Charge)"," ()","Venom Skull","Blighted Blastbones","Unnerving Boneyard","Banner Bearer","Detonating Siphon","Flawless Dawnbreaker","Stampede","Carve","Skeletal Archer","Banner Bearer","Barbed Trap","Pestilent Colossus"
"Lucent Citadel","Zilyesset / Count Ryelaz","https://www.esologs.com/reports/k9wb3RVGmJD2Xfp7#fight=6&type=summary&source=2","@goalpost02","Apocrypha Meow","herald-x-x-perfected-slivers-of-the-null-arca-spattering-disjunction","dps","Herald","x","x","Spattering Disjunction","Perfected Slivers of the Null Arca","148774.0","3248.8","30.4","148774.0 DPS","","Slimecraw Guise (Slimecraw)","Spattering Disjunction Jack (Spattering Disjunction)","Spattering Disjunction Arm Cops (Spattering Disjunction)","Perfected Null Arca Bracers (Perfected Slivers of the Null Arca)","","Perfected Null Arca Guards (Perfected Slivers of the Null Arca)","Perfected Null Arca Boots (Perfected Slivers of the Null Arca)","","Perfected Null Arca Ring (Perfected Slivers of the Null Arca)","Perfected Null Arca Ring (Perfected Slivers of the Null Arca)","Spattering Disjunction Dagger (Spattering Disjunction)","Spattering Disjunction Dagger (Spattering Disjunction)","The Maelstrom's Perfected Inferno Staff (Perfected Crushing Wall)"," ()","Barbed Trap","Quick Cloak","Pragmatic Fatecarver","Cephaliarch's Flail","Camouflaged Hunter","Flawless Dawnbreaker","Inspired Scholarship","Resolving Vigor","Elemental Blockade","Fulminating Rune","Camouflaged Hunter","The Languid Eye"
"Lucent Citadel","Zilyesset / Count Ryelaz","https://www.esologs.com/reports/k9wb3RVGmJD2Xfp7#fight=6&type=summary&source=14","@Vayla_Zvat","Elýsía","herald-x-x-perfected-slivers-of-the-null-arca-spattering-disjunction","dps","Herald","x","x","Spattering Disjunction","Perfected Slivers of the Null Arca","140966.2","5238.7","28.2","140966.2 DPS","","Slimecraw Guise (Slimecraw)","Spattering Disjunction Jack (Spattering Disjunction)","Perfected Null Arca Arm Cops (Perfected Slivers of the Null Arca)","Spattering Disjunction Bracers (Spattering Disjunction)","","Spattering Disjunction Guards (Spattering Disjunction)","Spattering Disjunction Boots (Spattering Disjunction)","","Perfected Null Arca Ring (Perfected Slivers of the Null Arca)","Perfected Null Arca Ring (Perfected Slivers of the Null Arca)","Perfected Null Arca Dagger (Perfected Slivers of the Null Arca)","Perfected Null Arca Dagger (Perfected Slivers of the Null Arca)","The Maelstrom's Perfected Inferno Staff (Perfected Crushing Wall)"," ()","Pragmatic Fatecarver","Quick Cloak","Cephaliarch's Flail","Barbed Trap","Camouflaged Hunter","Flawless Dawnbreaker","Elemental Blockade","Mystic Orb","Fulminating Rune","Camouflaged Hunter","Inspired Scholarship","The Languid Eye"
"Lucent Citadel","Zilyesset / Count Ryelaz","https://www.esologs.com/reports/k9wb3RVGmJD2Xfp7#fight=6&type=summary&source=16","@TheInsaneEngineer","Luris Malonam","herald-x-x-perfected-slivers-of-the-null-arca-spattering-disjunction","dps","Herald","x","x","Spattering Disjunction","Perfected Slivers of the Null Arca","138708.2","4488.3","38.3","138708.2 DPS","","Huntsman's Warmask (Huntsman's Warmask)","Spattering Disjunction Jack (Spattering Disjunction)","Slimecraw Epaulets (Slimecraw)","Spattering Disjunction Bracers (Spattering Disjunction)","","Spattering Disjunction Guards (Spattering Disjunction)","Spattering Disjunction Boots (Spattering Disjunction)","","Perfected Null Arca Ring (Perfected Slivers of the Null Arca)","Perfected Null Arca Ring (Perfected Slivers of the Null Arca)","Perfected Null Arca Dagger (Perfected Slivers of the Null Arca)","Perfected Null Arca Dagger (Perfected Slivers of the Null Arca)","The Maelstrom's Perfected Inferno Staff (Perfected Crushing Wall)"," ()","Pragmatic Fatecarver","Cephaliarch's Flail","Quick Cloak","Barbed Trap","Banner Bearer","Flawless Dawnbreaker","Elemental Blockade","Ring of Preservation","Inspired Scholarship","Fulminating Rune","Banner Bearer","The Languid Eye"
"Lucent Citadel","Zilyesset / Count Ryelaz","https://www.esologs.com/reports/k9wb3RVGmJD2Xfp7#fight=6&type=summary&source=1","@Paradoxdruid","Seeker-of-the-Paradox","herald-x-x-perfected-slivers-of-the-null-arca-spattering-disjunction","dps","Herald","x","x","Perfected Slivers of the Null Arca","Spattering Disjunction","129026.8","18762.8","25.5","129026.8 DPS","","Slimecraw Guise (Slimecraw)","Perfected Null Arca Jack (Perfected Slivers of the Null Arca)","Spattering Disjunction Arm Cops (Spattering Disjunction)","Spattering Disjunction Bracers (Spattering Disjunction)","","Perfected Null Arca Guards (Perfected Slivers of the Null Arca)","Spattering Disjunction Boots (Spattering Disjunction)","","Spattering Disjunction Ring (Spattering Disjunction)","Spattering Disjunction Ring (Spattering Disjunction)","Perfected Null Arca Dagger (Perfected Slivers of the Null Arca)","Perfected Null Arca Dagger (Perfected Slivers of the Null Arca)","The Maelstrom's Greatsword (Merciless Charge)"," ()","Quick Cloak","Camouflaged Hunter","Cephaliarch's Flail","Pragmatic Fatecarver","Banner Bearer","Flawless Dawnbreaker","Inspired Scholarship","Stampede","Fulminating Rune","Echoing Vigor","Banner Bearer","The Languid Eye"
"Lucent Citadel","Zilyesset / Count Ryelaz","https://www.esologs.com/reports/k9wb3RVGmJD2Xfp7#fight=6&type=summary&source=4","@Linx26","Erîs","herald-x-x-perfected-slivers-of-the-null-arca-spattering-disjunction","dps","Herald","x","x","Spattering Disjunction","Perfected Slivers of the Null Arca","99297.3","6963.1","26.9","99297.3 DPS","","Slimecraw Guise (Slimecraw)","Spattering Disjunction Jack (Spattering Disjunction)","Perfected Null Arca Arm Cops (Perfected Slivers of the Null Arca)","Spattering Disjunction Bracers (Spattering Disjunction)","","Spattering Disjunction Guards (Spattering Disjunction)","Spattering Disjunction Boots (Spattering Disjunction)","","Perfected Null Arca Ring (Perfected Slivers of the Null Arca)","Perfected Null Arca Ring (Perfected Slivers of the Null Arca)","Perfected Null Arca Dagger (Perfected Slivers of the Null Arca)","Perfected Null Arca Dagger (Perfected Slivers of the Null Arca)","The Maelstrom's Perfected Greatsword (Perfected Merciless Charge)"," ()","Quick Cloak","Cephaliarch's Flail","Pragmatic Fatecarver","Barbed Trap","Banner Bearer","Flawless Dawnbreaker","Resolving Vigor","Stampede","Inspired Scholarship","Fulminating Rune","Banner Bearer","The Languid Eye"
"Lucent Citadel","Zilyesset / Count Ryelaz","https://www.esologs.com/reports/k9wb3RVGmJD2Xfp7#fight=6&type=summary&source=24","@AMD_305","Ciri-V","herald-x-x-perfected-slivers-of-the-null-arca-spattering-disjunction","dps","Herald","x","x","Spattering Disjunction","Perfected Slivers of the Null Arca","170947.4","3498.2","41.1","170947.4 DPS","The Thief","Spattering Disjunction Helmet (Spattering Disjunction)","Perfected Null Arca Jack (Perfected Slivers of the Null Arca)","Slimecraw Arm Cops (Slimecraw)","Perfected Null Arca Bracers (Perfected Slivers of the Null Arca)","","Perfected Null Arca Guards (Perfected Slivers of the Null Arca)","Perfected Null Arca Boots (Perfected Slivers of the Null Arca)","","Spattering Disjunction Ring (Spattering Disjunction)","Spattering Disjunction Ring (Spattering Disjunction)","Spattering Disjunction Dagger (Spattering Disjunction)","Spattering Disjunction Dagger (Spattering Disjunction)","The Maelstrom's Perfected Inferno Staff (Perfected Crushing Wall)"," ()","Cephaliarch's Flail","Banner Bearer","Barbed Trap","Pragmatic Fatecarver","Quick Cloak","Flawless Dawnbreaker","Fulminating Rune","Inspired Scholarship","Scalding Rune","Banner Bearer","Elemental Blockade","The Languid Eye"
"Lucent Citadel","Zilyesset / Count Ryelaz","https://www.esologs.com/reports/k9wb3RVGmJD2Xfp7#fight=6&type=summary&source=9","@zsvan","Prism Sensors Stable","herald-x-x-perfected-slivers-of-the-null-arca-spattering-disjunction","dps","Herald","x","x","Spattering Disjunction","Perfected Slivers of the Null Arca","144063.1","2589.6","27.0","144063.1 DPS","","Nerien'eth Visage (Nerien'eth)","Spattering Disjunction Jack (Spattering Disjunction)","Nerien'eth Epaulets (Nerien'eth)","Spattering Disjunction Bracers (Spattering Disjunction)","","Spattering Disjunction Guards (Spattering Disjunction)","Spattering Disjunction Boots (Spattering Disjunction)","","Perfected Null Arca Ring (Perfected Slivers of the Null Arca)","Perfected Null Arca Ring (Perfected Slivers of the Null Arca)","Perfected Null Arca Dagger (Perfected Slivers of the Null Arca)","Perfected Null Arca Dagger (Perfected Slivers of the Null Arca)","The Maelstrom's Perfected Greatsword (Perfected Merciless Charge)"," ()","Cephaliarch's Flail","Pragmatic Fatecarver","Quick Cloak","Echoing Vigor","Camouflaged Hunter","Flawless Dawnbreaker","Stampede","Fulminating Rune","Inspired Scholarship","Barbed Trap","Ulfsild's Contingency","The Languid Eye"
"Lucent Citadel","Zilyesset / Count Ryelaz","https://www.esologs.com/reports/k9wb3RVGmJD2Xfp7#fight=6&type=summary&source=15","@Hakunamatatur","hakunamatatur","herald-x-x-perfected-slivers-of-the-null-arca-spattering-disjunction","dps","Herald","x","x","Spattering Disjunction","Perfected Slivers of the Null Arca","81710.0","8801.3","27.6","81710.0 DPS",""," ()","Spattering Disjunction Jack (Spattering Disjunction)"," ()","Spattering Disjunction Bracers (Spattering Disjunction)","","Spattering Disjunction Guards (Spattering Disjunction)","Spattering Disjunction Boots (Spattering Disjunction)","","Shattered Paths Signet (Shattered Paths Signet)","Perfected Null Arca Ring (Perfected Slivers of the Null Arca)","Perfected Null Arca Dagger (Perfected Slivers of the Null Arca)","Perfected Null Arca Dagger (Perfected Slivers of the Null Arca)","The Maelstrom's Perfected Lightning Staff (Perfected Crushing Wall)"," ()","Banner Bearer","Camouflaged Hunter","Quick Cloak","Cephaliarch's Flail","Pragmatic Fatecarver","Flawless Dawnbreaker","Banner Bearer","Fulminating Rune","Elemental Susceptibility","Inspired Scholarship","Unstable Wall of Elements","The Languid Eye"
"Lucent Citadel","Zilyesset / Count Ryelaz","https://www.esologs.com/reports/k9wb3RVGmJD2Xfp7#fight=6&type=summary&source=6","@Thimblewearer","Jade Beamweaver","herald-x-x-perfected-slivers-of-the-null-arca-spattering-disjunction","dps","Herald","x","x","Perfected Slivers of the Null Arca","Spattering Disjunction","91558.1","8626.2","25.5","91558.1 DPS","","Zaan Mask (Zaan)","Perfected Null Arca Jack (Perfected Slivers of the Null Arca)","Spattering Disjunction Arm Cops (Spattering Disjunction)","Spattering Disjunction Bracers (Spattering Disjunction)","","Perfected Null Arca Guards (Perfected Slivers of the Null Arca)","Perfected Null Arca Boots (Perfected Slivers of the Null Arca)","","Spattering Disjunction Ring (Spattering Disjunction)","Spattering Disjunction Ring (Spattering Disjunction)","Perfected Null Arca Dagger (Perfected Slivers of the Null Arca)","Perfected Null Arca Dagger (Perfected Slivers of the Null Arca)","The Maelstrom's Perfected Inferno Staff (Perfected Crushing Wall)"," ()","Cephaliarch's Flail","Pragmatic Fatecarver","Quick Cloak","Camouflaged Hunter","Banner Bearer","Flawless Dawnbreaker","Elemental Blockade","Fulminating Rune","Inspired Scholarship","Elemental Susceptibility","Banner Bearer","The Languid Eye"
"Lucent Citadel","Zilyesset / Count Ryelaz","https://www.esologs.com/reports/k9wb3RVGmJD2Xfp7#fight=6&type=summary&source=3","@Sylvalynn19","Arcs-and-Recreation","herald-x-x-perfected-slivers-of-the-null-arca-spattering-disjunction","dps","Herald","x","x","Spattering Disjunction","Perfected Slivers of the Null Arca","79475.1","10241.7","25.5","79475.1 DPS","","Zaan Mask (Zaan)","Spattering Disjunction Jack (Spattering Disjunction)","Perfected Null Arca Arm Cops (Perfected Slivers of the Null Arca)","Spattering Disjunction Bracers (Spattering Disjunction)","","Spattering Disjunction Guards (Spattering Disjunction)","Spattering Disjunction Boots (Spattering Disjunction)","","Perfected Null Arca Ring (Perfected Slivers of the Null Arca)","Perfected Null Arca Ring (Perfected Slivers of the Null Arca)","Perfected Null Arca Dagger (Perfected Slivers of the Null Arca)","Perfected Null Arca Dagger (Perfected Slivers of the Null Arca)","The Maelstrom's Perfected Inferno Staff (Perfected Crushing Wall)"," ()","Banner Bearer","Camouflaged Hunter","Quick Cloak","Pragmatic Fatecarver","Cephaliarch's Flail","Flawless Dawnbreaker","Banner Bearer","Barbed Trap","Fulminating Rune","Elemental Blockade","Recuperative Treatise","The Languid Eye"
"Lucent Citadel","Zilyesset / Count Ryelaz","https://www.esologs.com/reports/VyvdT4M7BqxRZwFp#fight=27&type=summary&source=7","@Lord_Asteroth","Asteroth of Astora","dawn-spear-x-aegis-caller-perfected-slivers-of-the-null-arca","dps","Spear","Dawn","x","Perfected Slivers of the Null Arca","Aegis Caller","153839.2","9665.6","67.8","153839.2 DPS","","Nerien'eth Mask (Nerien'eth)","Perfected Null Arca Jack (Perfected Slivers of the Null Arca)","Nerien'eth Epaulets (Nerien'eth)","Perfected Null Arca Bracers (Perfected Slivers of the Null Arca)","","Perfected Null Arca Guards (Perfected Slivers of the Null Arca)","Perfected Null Arca Boots (Perfected Slivers of the Null Arca)","","Aegis Caller's Ring (Aegis Caller)","Aegis Caller's Ring (Aegis Caller)","Aegis Caller's Dagger (Aegis Caller)","Aegis Caller's Dagger (Aegis Caller)","The Maelstrom's Perfected Greatsword (Perfected Merciless Charge)"," ()","Blazing Spear","Camouflaged Hunter","Radiant Glory","Power of the Light","Biting Jabs","Flawless Dawnbreaker","Solar Barrage","Barbed Trap","Ritual of Retribution","Vampire's Bane","Stampede","Onslaught"
"Lucent Citadel","Zilyesset / Count Ryelaz","https://www.esologs.com/reports/VyvdT4M7BqxRZwFp#fight=27&type=summary&source=23","@Pryius","Pryius","dawn-spear-x-aegis-caller-perfected-slivers-of-the-null-arca","dps","Spear","Dawn","x","Perfected Slivers of the Null Arca","Aegis Caller","92660.7","6939.1","39.4","92660.7 DPS","","Slimecraw Mask (Slimecraw)","Perfected Null Arca Jack (Perfected Slivers of the Null Arca)","Aegis Caller's Arm Cops (Aegis Caller)","Perfected Null Arca Bracers (Perfected Slivers of the Null Arca)","","Perfected Null Arca Guards (Perfected Slivers of the Null Arca)","Perfected Null Arca Boots (Perfected Slivers of the Null Arca)","","Aegis Caller's Ring (Aegis Caller)","Aegis Caller's Ring (Aegis Caller)","Aegis Caller's Dagger (Aegis Caller)","Aegis Caller's Dagger (Aegis Caller)","The Maelstrom's Perfected Greatsword (Perfected Merciless Charge)"," ()","Quick Cloak","Biting Jabs","Power of the Light","Radiant Glory","Banner Bearer","Flawless Dawnbreaker","Vampire's Bane","Stampede","Solar Barrage","Ritual of Retribution","Banner Bearer","Onslaught"
"Lucent Citadel","Zilyesset / Count Ryelaz","https://www.esologs.com/reports/VyvdT4M7BqxRZwFp#fight=27&type=summary&source=8","@Skyx9934","Offline","dawn-spear-x-aegis-caller-perfected-slivers-of-the-null-arca","dps","Spear","Dawn","x","Perfected Slivers of the Null Arca","Aegis Caller","217532.1","862.7","74.3","217532.1 DPS","","Huntsman's Warmask (Huntsman's Warmask)","Perfected Null Arca Jack (Perfected Slivers of the Null Arca)","The Blind Epaulets (The Blind)","Perfected Null Arca Bracers (Perfected Slivers of the Null Arca)","","Perfected Null Arca Guards (Perfected Slivers of the Null Arca)","Perfected Null Arca Boots (Perfected Slivers of the Null Arca)","","Aegis Caller's Ring (Aegis Caller)","Aegis Caller's Ring (Aegis Caller)","Aegis Caller's Dagger (Aegis Caller)","Aegis Caller's Dagger (Aegis Caller)","The Maelstrom's Perfected Greatsword (Perfected Merciless Charge)"," ()","Camouflaged Hunter","Quick Cloak","Biting Jabs","Power of the Light","Radiant Oppression","Flawless Dawnbreaker","Barbed Trap","Stampede","Solar Barrage","Ritual of Retribution","Vampire's Bane","Onslaught"
"Lucent Citadel","Zilyesset / Count Ryelaz","https://www.esologs.com/reports/VyvdT4M7BqxRZwFp#fight=27&type=summary&source=11","@Ralf_17","Ralf'nyu","dawn-spear-x-aegis-caller-perfected-slivers-of-the-null-arca","dps","Spear","Dawn","x","Perfected Slivers of the Null Arca","Aegis Caller","156540.2","2334.2","51.0","156540.2 DPS","","Huntsman's Warmask (Huntsman's Warmask)","Perfected Null Arca Jack (Perfected Slivers of the Null Arca)","Slimecraw Epaulets (Slimecraw)","Perfected Null Arca Bracers (Perfected Slivers of the Null Arca)","","Perfected Null Arca Guards (Perfected Slivers of the Null Arca)","Perfected Null Arca Boots (Perfected Slivers of the Null Arca)","","Aegis Caller's Ring (Aegis Caller)","Aegis Caller's Ring (Aegis Caller)","Aegis Caller's Dagger (Aegis Caller)","Aegis Caller's Dagger (Aegis Caller)","The Maelstrom's Perfected Greatsword (Perfected Merciless Charge)"," ()","Biting Jabs","Camouflaged Hunter","Power of the Light","Quick Cloak","Radiant Oppression","Flawless Dawnbreaker","Solar Barrage","Vampire's Bane","Stampede","Ritual of Retribution","Barbed Trap","Onslaught"
"Lucent Citadel","Zilyesset / Count Ryelaz","https://www.esologs.com/reports/VyvdT4M7BqxRZwFp#fight=27&type=summary&source=41","@JanosikHarnas","Syryjski Zawadiaka","dawn-spear-x-aegis-caller-perfected-slivers-of-the-null-arca","dps","Spear","Dawn","x","Perfected Slivers of the Null Arca","Aegis Caller","246623.2","1032.9","76.8","246623.2 DPS","","Huntsman's Warmask (Huntsman's Warmask)","Perfected Null Arca Jack (Perfected Slivers of the Null Arca)","Slimecraw Epaulets (Slimecraw)","Perfected Null Arca Bracers (Perfected Slivers of the Null Arca)","","Perfected Null Arca Guards (Perfected Slivers of the Null Arca)","Perfected Null Arca Boots (Perfected Slivers of the Null Arca)","","Aegis Caller's Ring (Aegis Caller)","Aegis Caller's Ring (Aegis Caller)","Aegis Caller's Dagger (Aegis Caller)","Aegis Caller's Dagger (Aegis Caller)","The Maelstrom's Perfected Greatsword (Perfected Merciless Charge)"," ()","Camouflaged Hunter","Biting Jabs","Radiant Oppression","Quick Cloak","Power of the Light","Flawless Dawnbreaker","Stampede","Solar Barrage","Ritual of Retribution","Barbed Trap","Vampire's Bane","Onslaught"
"Lucent Citadel","Zilyesset / Count Ryelaz","https://www.esologs.com/reports/VyvdT4M7BqxRZwFp#fight=27&type=summary&source=3","@wisthekid","séungwán","dawn-spear-x-aegis-caller-perfected-slivers-of-the-null-arca","dps","Spear","Dawn","x","Perfected Slivers of the Null Arca","Aegis Caller","238340.9","4902.2","66.1","238340.9 DPS","","Huntsman's Warmask (Huntsman's Warmask)","Perfected Null Arca Jack (Perfected Slivers of the Null Arca)","Zaan Epaulets (Zaan)","Perfected Null Arca Bracers (Perfected Slivers of the Null Arca)","","Perfected Null Arca Guards (Perfected Slivers of the Null Arca)","Perfected Null Arca Boots (Perfected Slivers of the Null Arca)","","Aegis Caller's Ring (Aegis Caller)","Aegis Caller's Ring (Aegis Caller)","Aegis Caller's Dagger (Aegis Caller)","Aegis Caller's Dagger (Aegis Caller)","The Maelstrom's Perfected Greatsword (Perfected Merciless Charge)"," ()","Biting Jabs","Quick Cloak","Power of the Light","Camouflaged Hunter","Radiant Oppression","Flawless Dawnbreaker","Barbed Trap","Stampede","Solar Barrage","Vampire's Bane","Ritual of Retribution","Onslaught"
"Lucent Citadel","Zilyesset / Count Ryelaz","https://www.esologs.com/reports/VyvdT4M7BqxRZwFp#fight=27&type=summary&source=5","@Skyx9934","John Stoppable","dawn-spear-x-aegis-caller-perfected-slivers-of-the-null-arca","dps","Spear","Dawn","x","Perfected Slivers of the Null Arca","Aegis Caller","240543.4","7740.9","78.4","240543.4 DPS","","Huntsman's Warmask (Huntsman's Warmask)","Perfected Null Arca Jack (Perfected Slivers of the Null Arca)","The Blind Epaulets (The Blind)","Perfected Null Arca Bracers (Perfected Slivers of the Null Arca)","","Perfected Null Arca Guards (Perfected Slivers of the Null Arca)","Perfected Null Arca Boots (Perfected Slivers of the Null Arca)","","Aegis Caller's Ring (Aegis Caller)","Aegis Caller's Ring (Aegis Caller)","Aegis Caller's Dagger (Aegis Caller)","Aegis Caller's Dagger (Aegis Caller)","The Maelstrom's Perfected Greatsword (Perfected Merciless Charge)"," ()","Camouflaged Hunter","Quick Cloak","Biting Jabs","Power of the Light","Radiant Oppression","Flawless Dawnbreaker","Barbed Trap","Stampede","Solar Barrage","Ritual of Retribution","Vampire's Bane","Onslaught"
"Lucent Citadel","Zilyesset / Count Ryelaz","https://www.esologs.com/reports/b2kAayxvgfpFB3qm#fight=9&type=summary&source=28","@Jdog2716","Netchbone Necra","grave-x-x-azureblight-reaper-corpseburster","dps","Grave","x","x","Corpseburster","Azureblight Reaper","188997.3","4163.7","73.2","188997.3 DPS","","Corpseburster Helmet (Corpseburster)","Azureblight Jack (Azureblight Reaper)","Slimecraw Epaulets (Slimecraw)","Azureblight Bracers (Azureblight Reaper)","","Azureblight Guards (Azureblight Reaper)","Azureblight Boots (Azureblight Reaper)","","Corpseburster Ring (Corpseburster)","Corpseburster Ring (Corpseburster)","Corpseburster Dagger (Corpseburster)","Corpseburster Dagger (Corpseburster)","The Maelstrom's Perfected Greatsword (Perfected Merciless Charge)"," ()","Blighted Blastbones","Detonating Siphon","Venom Skull","Unnerving Boneyard","Banner Bearer","Flawless Dawnbreaker","Anti-Cavalry Caltrops","Ulfsild's Contingency","Stampede","Skeletal Archer","Banner Bearer","Shooting Star"
"Lucent Citadel","Zilyesset / Count Ryelaz","https://www.esologs.com/reports/b2kAayxvgfpFB3qm#fight=9&type=summary&source=5","@BRabbit.3","Krieg The Dark Lord","grave-x-x-azureblight-reaper-corpseburster","dps","Grave","x","x","Azureblight Reaper","Corpseburster","208641.6","8815.2","75.6","208641.6 DPS","","Slimecraw Mask (Slimecraw)","Azureblight Jack (Azureblight Reaper)","Azureblight Arm Cops (Azureblight Reaper)","Azureblight Bracers (Azureblight Reaper)","","Azureblight Guards (Azureblight Reaper)","Corpseburster Boots (Corpseburster)","","Corpseburster Ring (Corpseburster)","Corpseburster Ring (Corpseburster)","Corpseburster Dagger (Corpseburster)","Corpseburster Dagger (Corpseburster)","The Maelstrom's Greatsword (Merciless Charge)"," ()","Unnerving Boneyard","Blighted Blastbones","Venom Skull","Detonating Siphon","Banner Bearer","Flawless Dawnbreaker","Barbed Trap","Anti-Cavalry Caltrops","Skeletal Archer","Stampede","Banner Bearer","Shooting Star"
"Lucent Citadel","Zilyesset / Count Ryelaz","https://www.esologs.com/reports/b2kAayxvgfpFB3qm#fight=9&type=summary&source=12","@Maglaud","Bone Boyo","grave-x-x-azureblight-reaper-corpseburster","dps","Grave","x","x","Azureblight Reaper","Corpseburster","259460.3","15744.6","90.8","259460.3 DPS","","Huntsman's Warmask (Huntsman's Warmask)","Azureblight Jack (Azureblight Reaper)","Slimecraw Arm Cops (Slimecraw)","Azureblight Bracers (Azureblight Reaper)","","Azureblight Guards (Azureblight Reaper)","Azureblight Boots (Azureblight Reaper)","","Corpseburster Ring (Corpseburster)","Corpseburster Ring (Corpseburster)","Corpseburster Dagger (Corpseburster)","Corpseburster Dagger (Corpseburster)","The Maelstrom's Perfected Greatsword (Perfected Merciless Charge)"," ()","Banner Bearer","Venom Skull","Blighted Blastbones","Detonating Siphon","Unnerving Boneyard","Flawless Dawnbreaker","Barbed Trap","Banner Bearer","Skeletal Archer","Anti-Cavalry Caltrops","Stampede","Shooting Star"
"Lucent Citadel","Zilyesset / Count Ryelaz","https://www.esologs.com/reports/b2kAayxvgfpFB3qm#fight=9&type=summary&source=13","@xpxJp1875","Corpse Bride's Terror","grave-x-x-azureblight-reaper-corpseburster","dps","Grave","x","x","Corpseburster","Azureblight Reaper","273812.3","19221.5","108.8","273812.3 DPS","","Huntsman's Warmask (Huntsman's Warmask)","Corpseburster Jack (Corpseburster)","Zaan Arm Cops (Zaan)","Corpseburster Bracers (Corpseburster)","","Corpseburster Guards (Corpseburster)","Azureblight Boots (Azureblight Reaper)","","Azureblight Ring (Azureblight Reaper)","Azureblight Ring (Azureblight Reaper)","Corpseburster Dagger (Corpseburster)","Corpseburster Dagger (Corpseburster)","The Maelstrom's Perfected Greatsword (Perfected Merciless Charge)"," ()","Venom Skull","Blighted Blastbones","Unnerving Boneyard","Detonating Siphon","Banner Bearer","Flawless Dawnbreaker","Stampede","Barbed Trap","Anti-Cavalry Caltrops","Skeletal Archer","Banner Bearer","Pestilent Colossus"
"Lucent Citadel","Zilyesset / Count Ryelaz","https://www.esologs.com/reports/b2kAayxvgfpFB3qm#fight=9&type=summary&source=10","@chicken13322","Swampkrack","grave-x-x-azureblight-reaper-corpseburster","dps","Grave","x","x","Azureblight Reaper","Corpseburster","118803.1","5239.6","29.8","118803.1 DPS","","Slimecraw Mask (Slimecraw)","Azureblight Jack (Azureblight Reaper)","Azureblight Arm Cops (Azureblight Reaper)","Azureblight Bracers (Azureblight Reaper)","","Azureblight Guards (Azureblight Reaper)","Azureblight Boots (Azureblight Reaper)","","Corpseburster Ring (Corpseburster)","Corpseburster Ring (Corpseburster)","The Maelstrom's Perfected Inferno Staff (Perfected Crushing Wall)"," ()","Corpseburster Dagger (Corpseburster)","Corpseburster Dagger (Corpseburster)","Anti-Cavalry Caltrops","Elude","Skeletal Archer","Elemental Blockade","Banner Bearer","Flawless Dawnbreaker","Blighted Blastbones","Detonating Siphon","Venom Skull","Avid Boneyard","Banner Bearer","Glacial Colossus"
"Lucent Citadel","Zilyesset / Count Ryelaz","https://www.esologs.com/reports/b2kAayxvgfpFB3qm#fight=9&type=summary&source=7","@Maglaud","Bone Boyo","grave-x-x-azureblight-reaper-corpseburster","dps","Grave","x","x","Azureblight Reaper","Corpseburster","267671.8","9918.7","84.4","267671.8 DPS","","Huntsman's Warmask (Huntsman's Warmask)","Azureblight Jack (Azureblight Reaper)","Slimecraw Arm Cops (Slimecraw)","Azureblight Bracers (Azureblight Reaper)","","Azureblight Guards (Azureblight Reaper)","Azureblight Boots (Azureblight Reaper)","","Corpseburster Ring (Corpseburster)","Corpseburster Ring (Corpseburster)","Corpseburster Dagger (Corpseburster)","Corpseburster Dagger (Corpseburster)","The Maelstrom's Perfected Greatsword (Perfected Merciless Charge)"," ()","Banner Bearer","Venom Skull","Blighted Blastbones","Detonating Siphon","Unnerving Boneyard","Flawless Dawnbreaker","Barbed Trap","Banner Bearer","Skeletal Archer","Anti-Cavalry Caltrops","Stampede","Shooting Star"
"Lucent Citadel","Zilyesset / Count Ryelaz","https://www.esologs.com/reports/VyvdT4M7BqxRZwFp#fight=27&type=summary&source=8","@notsojuicy","Peanut'Butter'Banner'Time","ardent-earthen-x-roar-of-alkosh-zens-redress","dps","Ardent","Earthen","x","Roar of Alkosh","Z'en's Redress","121766.7","10052.3","73.0","121766.7 DPS","","Slimecraw Mask (Slimecraw)","Jack of Alkosh (Roar of Alkosh)","Spaulder of Ruin (Spaulder of Ruin)","Bracers of Alkosh (Roar of Alkosh)","","Guards of Alkosh (Roar of Alkosh)","Boots of Alkosh (Roar of Alkosh)","","Z'en's Ring (Z'en's Redress)","Z'en's Ring (Z'en's Redress)","Z'en's Dagger (Z'en's Redress)","Z'en's Dagger (Z'en's Redress)","The Maelstrom's Perfected Greatsword (Perfected Merciless Charge)"," ()","Flame Lash","Disintegrating Dragonfire","Magma Fist","Searing Claw","Shattering Knife","Flawless Dawnbreaker","Stampede","Barbed Trap","Shatterspike Mantle","Incinerate","Igneous Weapons","Standard of Might"
"Lucent Citadel","Zilyesset / Count Ryelaz","https://www.esologs.com/reports/VyvdT4M7BqxRZwFp#fight=27&type=summary&source=6","@CosmereConnoissuer","Raids-With-Valor","ardent-earthen-x-roar-of-alkosh-zens-redress","dps","Ardent","Earthen","x","Roar of Alkosh","Z'en's Redress","86518.2","19908.7","49.2","86518.2 DPS","","Slimecraw Mask (Slimecraw)","Jack of Alkosh (Roar of Alkosh)","Z'en's Epaulets (Z'en's Redress)","Bracers of Alkosh (Roar of Alkosh)","","Guards of Alkosh (Roar of Alkosh)","Boots of Alkosh (Roar of Alkosh)","","Z'en's Ring (Z'en's Redress)","Z'en's Ring (Z'en's Redress)","Z'en's Dagger (Z'en's Redress)","Z'en's Dagger (Z'en's Redress)","The Maelstrom's Perfected Greatsword (Perfected Merciless Charge)"," ()","Magma Fist","Molten Whip","Disintegrating Dragonfire","Searing Claw","Soul of Flame","Flawless Dawnbreaker","Stampede","Incinerate","Fire Keeper","Shatterspike Mantle","Igneous Weapons","Standard of Might"
"Lucent Citadel","Zilyesset / Count Ryelaz","https://www.esologs.com/reports/VyvdT4M7BqxRZwFp#fight=27&type=summary&source=7","@Vertifyx","Incinëroar","ardent-earthen-x-roar-of-alkosh-zens-redress","dps","Ardent","Earthen","x","Roar of Alkosh","Z'en's Redress","130247.3","4223.9","90.8","130247.3 DPS","","Slimecraw Mask (Slimecraw)","Jack of Alkosh (Roar of Alkosh)","Spaulder of Ruin (Spaulder of Ruin)","Bracers of Alkosh (Roar of Alkosh)","","Guards of Alkosh (Roar of Alkosh)","Boots of Alkosh (Roar of Alkosh)","","Z'en's Ring (Z'en's Redress)","Z'en's Ring (Z'en's Redress)","Z'en's Dagger (Z'en's Redress)","Z'en's Dagger (Z'en's Redress)","The Maelstrom's Perfected Greatsword (Perfected Merciless Charge)"," ()","Magma Fist","Barbed Trap","Magic Knife","Searing Claw","Camouflaged Hunter","Flawless Dawnbreaker","Stampede","Disintegrating Dragonfire","Incinerate","Igneous Weapons","Shatterspike Mantle","Standard of Might"
"Lucent Citadel","Zilyesset / Count Ryelaz","https://www.esologs.com/reports/VyvdT4M7BqxRZwFp#fight=27&type=summary&source=8","@RestfulTester","Restful Dragon","ardent-earthen-x-roar-of-alkosh-zens-redress","dps","Ardent","Earthen","x","Roar of Alkosh","Z'en's Redress","174861.8","7472.1","95.2","174861.8 DPS","The Thief","Slimecraw Mask (Slimecraw)","Jack of Alkosh (Roar of Alkosh)","Spaulder of Ruin (Spaulder of Ruin)","Bracers of Alkosh (Roar of Alkosh)","","Guards of Alkosh (Roar of Alkosh)","Boots of Alkosh (Roar of Alkosh)","","Z'en's Ring (Z'en's Redress)","Z'en's Ring (Z'en's Redress)","Z'en's Dagger (Z'en's Redress)","Z'en's Dagger (Z'en's Redress)","The Maelstrom's Perfected Greatsword (Perfected Merciless Charge)"," ()","Barbed Trap","Searing Claw","Flame Lash","Camouflaged Hunter","Magma Fist","Flawless Dawnbreaker","Stampede","Disintegrating Dragonfire","Shatterspike Mantle","Igneous Weapons","Incinerate","Standard of Might"
"Lucent Citadel","Zilyesset / Count Ryelaz","https://www.esologs.com/reports/VyvdT4M7BqxRZwFp#fight=27&type=summary&source=6","@Vertifyx","Incinëroar","ardent-earthen-x-roar-of-alkosh-zens-redress","dps","Ardent","Earthen","x","Roar of Alkosh","Z'en's Redress","128882.8","6682.8","85.3","128882.8 DPS","","Slimecraw Mask (Slimecraw)","Jack of Alkosh (Roar of Alkosh)","Spaulder of Ruin (Spaulder of Ruin)","Bracers of Alkosh (Roar of Alkosh)","","Guards of Alkosh (Roar of Alkosh)","Boots of Alkosh (Roar of Alkosh)","","Z'en's Ring (Z'en's Redress)","Z'en's Ring (Z'en's Redress)","Z'en's Dagger (Z'en's Redress)","Z'en's Dagger (Z'en's Redress)","The Maelstrom's Perfected Greatsword (Perfected Merciless Charge)"," ()","Magma Fist","Barbed Trap","Magic Knife","Searing Claw","Camouflaged Hunter","Flawless Dawnbreaker","Stampede","Disintegrating Dragonfire","Incinerate","Igneous Weapons","Shatterspike Mantle","Standard of Might"
"Lucent Citadel","Zilyesset / Count Ryelaz","https://www.esologs.com/reports/b2kAayxvgfpFB3qm#fight=9&type=summary&source=29","@McFilthy","Sir Woody The Wood Elf","ass-shadow-siphon-roar-of-alkosh-zens-redress","dps","Ass","Shadow","Siphon","Z'en's Redress","Roar of Alkosh","119725.2","6470.6","73.2","119725.2 DPS","","Z'en's Hat (Z'en's Redress)","Jack of Alkosh (Roar of Alkosh)","Slimecraw Arm Cops (Slimecraw)","Bracers of Alkosh (Roar of Alkosh)","","Guards of Alkosh (Roar of Alkosh)","Boots of Alkosh (Roar of Alkosh)","","Z'en's Ring (Z'en's Redress)","Shattered Paths Signet (Shattered Paths Signet)","Z'en's Dagger (Z'en's Redress)","Z'en's Dagger (Z'en's Redress)","The Maelstrom's Perfected Greatsword (Perfected Merciless Charge)"," ()","Surprise Attack","Merciless Resolve","Debilitate","Killer's Blade","Shadowy Disguise","Werewolf Berserker","Stampede","Carve","Ulfsild's Contingency","Dark Shade","Barbed Trap","Shooting Star"
"Lucent Citadel","Zilyesset / Count Ryelaz","https://www.esologs.com/reports/b2kAayxvgfpFB3qm#fight=9&type=summary&source=20","@WolfAtHeart","Zakar-dro","ass-shadow-siphon-roar-of-alkosh-zens-redress","dps","Ass","Shadow","Siphon","Roar of Alkosh","Z'en's Redress","93775.7","9263.1","69.3","93775.7 DPS","","Zaan Mask (Zaan)","Jack of Alkosh (Roar of Alkosh)","Z'en's Epaulets (Z'en's Redress)","Bracers of Alkosh (Roar of Alkosh)","","Guards of Alkosh (Roar of Alkosh)","Boots of Alkosh (Roar of Alkosh)","","Z'en's Ring (Z'en's Redress)","Shattered Paths Signet (Shattered Paths Signet)","Z'en's Dagger (Z'en's Redress)","Z'en's Dagger (Z'en's Redress)","The Maelstrom's Perfected Greatsword (Perfected Merciless Charge)"," ()","Killer's Blade","Shadowy Disguise","Surprise Attack","Debilitate","Merciless Resolve","Werewolf Berserker","Siphoning Attacks","Stampede","Carve","Barbed Trap","Dark Shade","Incapacitating Strike"
"Lucent Citadel","Zilyesset / Count Ryelaz","https://www.esologs.com/reports/b2kAayxvgfpFB3qm#fight=9&type=summary&source=8","@Mysthey","Mysthey","ass-shadow-siphon-roar-of-alkosh-zens-redress","dps","Ass","Shadow","Siphon","Roar of Alkosh","Z'en's Redress","106045.3","8307.6","75.6","106045.3 DPS","","Zaan Mask (Zaan)","Jack of Alkosh (Roar of Alkosh)","Z'en's Epaulets (Z'en's Redress)","Bracers of Alkosh (Roar of Alkosh)","","Guards of Alkosh (Roar of Alkosh)","Boots of Alkosh (Roar of Alkosh)","","Z'en's Ring (Z'en's Redress)","Shattered Paths Signet (Shattered Paths Signet)","Z'en's Dagger (Z'en's Redress)","Z'en's Dagger (Z'en's Redress)","The Maelstrom's Perfected Greatsword (Perfected Merciless Charge)"," ()","Surprise Attack","Relentless Focus","Shadowy Disguise","Killer's Blade","Debilitate","Werewolf Berserker","Stampede","Sundering Trample","Barbed Trap","Dark Shade","Siphoning Attacks","Soul Harvest"
"Lucent Citadel","Zilyesset / Count Ryelaz","https://www.esologs.com/reports/b2kAayxvgfpFB3qm#fight=9&type=summary&source=11","@madRedHead","Mad Cat Disease","ass-shadow-siphon-roar-of-alkosh-zens-redress","dps","Ass","Shadow","Siphon","Roar of Alkosh","Z'en's Redress","151332.4","6809.7","78.0","151332.4 DPS","","Slimecraw Guise (Slimecraw)","Jack of Alkosh (Roar of Alkosh)","Z'en's Epaulets (Z'en's Redress)","Bracers of Alkosh (Roar of Alkosh)","","Guards of Alkosh (Roar of Alkosh)","Boots of Alkosh (Roar of Alkosh)","","Shattered Paths Signet (Shattered Paths Signet)","Z'en's Ring (Z'en's Redress)","Z'en's Dagger (Z'en's Redress)","Z'en's Dagger (Z'en's Redress)","The Maelstrom's Perfected Greatsword (Perfected Merciless Charge)"," ()","Barbed Trap","Surprise Attack","Killer's Blade","Shadowy Disguise","Relentless Focus","Werewolf Berserker","Twisting Path","Stampede","Dark Shade","Debilitate","Siphoning Attacks","Veil of Blades"
"Lucent Citadel","Zilyesset / Count Ryelaz","https://www.esologs.com/reports/b2kAayxvgfpFB3qm#fight=9&type=summary&source=2","@xindong","Heartthrob jie","ass-shadow-siphon-roar-of-alkosh-zens-redress","dps","Ass","Shadow","Siphon","Roar of Alkosh","Z'en's Redress","207737.9","8834.1","89.4","207737.9 DPS","","Helmet of Alkosh (Roar of Alkosh)","Jack of Alkosh (Roar of Alkosh)","Slimecraw Arm Cops (Slimecraw)","Bracers of Alkosh (Roar of Alkosh)","","Guards of Alkosh (Roar of Alkosh)","Z'en's Shoes (Z'en's Redress)","","Z'en's Ring (Z'en's Redress)","Shattered Paths Signet (Shattered Paths Signet)","Z'en's Dagger (Z'en's Redress)","Z'en's Dagger (Z'en's Redress)","The Maelstrom's Perfected Inferno Staff (Perfected Crushing Wall)"," ()","Relentless Focus","Shadowy Disguise","Surprise Attack","Quick Cloak","Killer's Blade","Werewolf Berserker","Barbed Trap","Elemental Blockade","Scalding Rune","Dark Shade","Siphoning Attacks","Veil of Blades"
"Lucent Citadel","Zilyesset / Count Ryelaz","https://www.esologs.com/reports/bzR1r24FkCvaA8B9#fight=6&type=summary&source=5","@TomTomFoolery","Expectations-Too-High","ardent-earthen-x-perfected-lucent-echoes-war-machine","tank","Ardent","Earthen","x","Perfected Lucent Echoes","War Machine","35956.3","15670.9","71.5","71.5 CPM","","Magma Incarnate Mask (Magma Incarnate)","Lucent Echoes Perfected Cuirass (Perfected Lucent Echoes)","Spaulder of Ruin (Spaulder of Ruin)","Lucent Echoes Perfected Gauntlets (Perfected Lucent Echoes)","","Lucent Echoes Perfected Greaves (Perfected Lucent Echoes)","Lucent Echoes Perfected Sabatons (Perfected Lucent Echoes)","","War Machine Ring (War Machine)","War Machine Ring (War Machine)","Dagger of Catalyst (Elemental Catalyst)","Dagger of Catalyst (Elemental Catalyst)","War Machine Lightning Staff (War Machine)"," ()","Heart of Flame","Inner Rage","Magic Knife","Magma Fist","Mystic Orb","Dawnbreaker","Hearth and Home","Elemental Susceptibility","Elemental Blockade","Igneous Weapons","Disintegrating Dragonfire","Standard of Might"
"Lucent Citadel","Zilyesset / Count Ryelaz","https://www.esologs.com/reports/bzR1r24FkCvaA8B9#fight=6&type=summary&source=1","@Osvera","Molten Tank","ardent-earthen-x-perfected-lucent-echoes-war-machine","tank","Ardent","Earthen","x","Perfected Lucent Echoes","War Machine","27646.5","15042.5","52.3","52.3 CPM","","Magma Incarnate Mask (Magma Incarnate)","Lucent Echoes Perfected Cuirass (Perfected Lucent Echoes)","Spaulder of Ruin (Spaulder of Ruin)","Lucent Echoes Perfected Gauntlets (Perfected Lucent Echoes)","","Lucent Echoes Perfected Greaves (Perfected Lucent Echoes)","Lucent Echoes Perfected Sabatons (Perfected Lucent Echoes)","","War Machine Ring (War Machine)","War Machine Ring (War Machine)","Perfected Pearlescent Dagger (Perfected Pearlescent Ward)","Perfected Pearlescent Dagger (Perfected Pearlescent Ward)","War Machine Ice Staff (War Machine)"," ()","Searing Claw","Molten Whip","Incinerate","Magma Fist","Inner Rage","Dawnbreaker","Elemental Blockade","Elemental Susceptibility","Disintegrating Dragonfire","Igneous Weapons","Fire Keeper","Aggressive Horn"
"Lucent Citadel","Zilyesset / Count Ryelaz","https://www.esologs.com/reports/bzR1r24FkCvaA8B9#fight=6&type=summary&source=2","@TomTomFoolery","Expectations-Too-High","ardent-earthen-x-perfected-lucent-echoes-war-machine","tank","Ardent","Earthen","x","Perfected Lucent Echoes","War Machine","36436.9","17005.9","70.6","70.6 CPM","The Thief","Magma Incarnate Mask (Magma Incarnate)","Lucent Echoes Perfected Cuirass (Perfected Lucent Echoes)","Spaulder of Ruin (Spaulder of Ruin)","Lucent Echoes Perfected Gauntlets (Perfected Lucent Echoes)","","Lucent Echoes Perfected Greaves (Perfected Lucent Echoes)","Lucent Echoes Perfected Sabatons (Perfected Lucent Echoes)","","War Machine Ring (War Machine)","War Machine Ring (War Machine)","Blackrose Perfected Dagger (Perfected Spectral Cloak)","Blackrose Perfected Dagger (Perfected Spectral Cloak)","War Machine Lightning Staff (War Machine)"," ()","Heart of Flame","Inner Rage","Magic Knife","Magma Fist","Quick Cloak","Dawnbreaker","Hearth and Home","Elemental Susceptibility","Elemental Blockade","Igneous Weapons","Disintegrating Dragonfire","Standard of Might"
"Lucent Citadel","Zilyesset / Count Ryelaz","https://www.esologs.com/reports/VyvdT4M7BqxRZwFp#fight=27&type=summary&source=1","@Kraaii","Nemosine Hallows","curative-soldier-x-master-architect-spell-power-cure","healer","Curative","Soldier","x","Spell Power Cure","Master Architect","3579.7","91114.8","63.2","91114.8 HPS","","Ozezan the Inferno's Guise (Ozezan the Inferno)","Spell Power Cure Jerkin (Spell Power Cure)","Ozezan the Inferno's Epaulets (Ozezan the Inferno)","Spell Power Cure Gloves (Spell Power Cure)","","Spell Power Cure Breeches (Spell Power Cure)","Spell Power Cure Shoes (Spell Power Cure)","","Master Architect Ring (Master Architect)","Master Architect Ring (Master Architect)","The Master's Perfected Restoration Staff (Perfected Grand Rejuvenation)"," ()","Master Architect Lightning Staff (Master Architect)"," ()","Illustrious Healing","Radiating Regeneration","Echoing Vigor","Tidal Chakram","Combat Prayer","Gibbering Shelter","Energy Orb","Inner Rage","Cruxweaver Armor","Reconstructive Domain","Overflowing Altar","Glyphic of the Tides"
"Lucent Citadel","Zilyesset / Count Ryelaz","https://www.esologs.com/reports/VyvdT4M7BqxRZwFp#fight=27&type=summary&source=2","@La_buba","Ay'ia","curative-soldier-x-master-architect-spell-power-cure","healer","Curative","Soldier","x","Spell Power Cure","Master Architect","3889.2","51932.1","35.4","51932.1 HPS","The Ritual","Ozezan the Inferno's Visage (Ozezan the Inferno)","Spell Power Cure Robe (Spell Power Cure)","Ozezan the Inferno's Arm Cops (Ozezan the Inferno)","Spell Power Cure Gloves (Spell Power Cure)","","Spell Power Cure Breeches (Spell Power Cure)","Spell Power Cure Shoes (Spell Power Cure)","","Master Architect Ring (Master Architect)","Master Architect Ring (Master Architect)","Master Architect Lightning Staff (Master Architect)"," ()","The Master's Perfected Restoration Staff (Perfected Grand Rejuvenation)"," ()","Inner Fire","Elemental Blockade","Rune of the Colorless Pool","Cruxweaver Armor","Tidal Chakram","Reviving Barrier","Illustrious Healing","Radiating Regeneration","Charging Maneuver","Combat Prayer","Energy Orb","Resonating Glyphic"
"Lucent Citadel","Zilyesset / Count Ryelaz","https://www.esologs.com/reports/k9wb3RVGmJD2Xfp7#fight=6&type=summary&source=8","@SnS_Scorpio","Valetudo Borealis","animal-green-winter-perfected-lucent-echoes-powerful-assault","tank","Animal","Green","Winter","Powerful Assault","Perfected Lucent Echoes","9102.5","18345.9","43.2","43.2 CPM","","Archdruid Devyric's Visage (Archdruid Devyric)","Lucent Echoes Perfected Cuirass (Perfected Lucent Echoes)","Archdruid Devyric's Pauldron (Archdruid Devyric)","Lucent Echoes Perfected Gauntlets (Perfected Lucent Echoes)","","Lucent Echoes Perfected Greaves (Perfected Lucent Echoes)","Lucent Echoes Perfected Sabatons (Perfected Lucent Echoes)","","Ring of the Powerful Assault (Powerful Assault)","Ring of the Powerful Assault (Powerful Assault)","Ice Staff of the Powerful Assault (Powerful Assault)"," ()","Ice Staff of the Powerful Assault (Powerful Assault)"," ()","Razor Caltrops","Bull Netch","Budding Seeds","Polar Wind","Revealing Flare","Reviving Barrier","Inner Rage","Elemental Blockade","Expansive Frost Cloak","Echoing Vigor","Ulfsild's Contingency","Permafrost"
"Lucent Citadel","Zilyesset / Count Ryelaz","https://www.esologs.com/reports/k9wb3RVGmJD2Xfp7#fight=6&type=summary&source=6","@MarlieChurfy","Hefty Girl","animal-green-winter-perfected-lucent-echoes-powerful-assault","tank","Animal","Green","Winter","Perfected Lucent Echoes","Powerful Assault","25400.5","27865.6","46.6","46.6 CPM","The Thief","Magma Incarnate Mask (Magma Incarnate)","Lucent Echoes Perfected Cuirass (Perfected Lucent Echoes)","Spaulder of Ruin (Spaulder of Ruin)","Lucent Echoes Perfected Gauntlets (Perfected Lucent Echoes)","","Lucent Echoes Perfected Greaves (Perfected Lucent Echoes)","Lucent Echoes Perfected Sabatons (Perfected Lucent Echoes)","","Ring of the Powerful Assault (Powerful Assault)","Ring of the Powerful Assault (Powerful Assault)","Dagger of the Powerful Assault (Powerful Assault)","Dagger of the Powerful Assault (Powerful Assault)","The Maelstrom's Perfected Ice Staff (Perfected Crushing Wall)"," ()","Inner Rage","Shattering Knife","Budding Seeds","Echoing Vigor","Mystic Orb","Reviving Barrier","Elemental Susceptibility","Bull Netch","Elemental Blockade","Winter's Revenge","Expansive Frost Cloak","Aggressive Horn"
"Lucent Citadel","Zilyesset / Count Ryelaz","https://www.esologs.com/reports/pHtPqY4fWaxZ1g7A#fight=22&type=summary&source=11","@RosaDamascena","Roselyn Filtiarn","dawn-resto-x-master-architect-spell-power-cure","healer","Dawn","Resto","x","Spell Power Cure","Master Architect","9152.7","79967.5","44.6","79967.5 HPS","The Ritual","Nazaray Mask (Nazaray)","Spell Power Cure Jerkin (Spell Power Cure)","Spaulder of Ruin (Spaulder of Ruin)","Spell Power Cure Gloves (Spell Power Cure)","","Spell Power Cure Breeches (Spell Power Cure)","Spell Power Cure Shoes (Spell Power Cure)","","Master Architect Ring (Master Architect)","Master Architect Ring (Master Architect)","The Master's Perfected Restoration Staff (Perfected Grand Rejuvenation)"," ()","Master Architect Lightning Staff (Master Architect)"," ()","Purifying Light","Combat Prayer","Illustrious Healing","Radiating Regeneration","Extended Ritual","Aggressive Horn","Inner Rage","Elemental Blockade","Radiant Aura","Echoing Vigor","Energy Orb","Reviving Barrier"
"Lucent Citadel","Zilyesset / Count Ryelaz","https://www.esologs.com/reports/pHtPqY4fWaxZ1g7A#fight=22&type=summary&source=8","@Nydarisa","Nydaris","dawn-resto-x-master-architect-spell-power-cure","healer","Dawn","Resto","x","Spell Power Cure","Master Architect","5113.4","52457.4","40.4","52457.4 HPS","","Symphony of Blades Guise (Symphony of Blades)","Spell Power Cure Jerkin (Spell Power Cure)","Symphony of Blades Epaulets (Symphony of Blades)","Spell Power Cure Gloves (Spell Power Cure)","","Spell Power Cure Breeches (Spell Power Cure)","Spell Power Cure Shoes (Spell Power Cure)","","Master Architect Ring (Master Architect)","Death Dealer's Fete (Death Dealer's Fete)","Spell Power Cure Restoration Staff (Spell Power Cure)"," ()","Master Architect Lightning Staff (Master Architect)"," ()","Purifying Light","Radiating Regeneration","Healing Springs","Combat Prayer","Echoing Vigor","Reviving Barrier","Energy Orb","Elemental Blockade","Leashing Soul","Race Against Time","Extended Ritual","Reviving Barrier"
"Lucent Citadel","Zilyesset / Count Ryelaz","https://www.esologs.com/reports/bzR1r24FkCvaA8B9#fight=6&type=summary&source=14","@janGatmanjan","Carisina Songsiren","animal-green-winter-powerful-assault-serpents-disdain","healer","Animal","Green","Winter","Serpent's Disdain","Powerful Assault","11597.5","73281.7","49.5","73281.7 HPS","The Ritual","Nazaray Guise (Nazaray)","Robe of Serpent's Disdain (Serpent's Disdain)","Nazaray Epaulets (Nazaray)","Gloves of Serpent's Disdain (Serpent's Disdain)","","Breeches of Serpent's Disdain (Serpent's Disdain)","Shoes of Serpent's Disdain (Serpent's Disdain)","","Ring of the Powerful Assault (Powerful Assault)","Ring of the Powerful Assault (Powerful Assault)","The Master's Perfected Restoration Staff (Perfected Grand Rejuvenation)"," ()","Ice Staff of the Powerful Assault (Powerful Assault)"," ()","Budding Seeds","Illustrious Healing","Combat Prayer","Radiating Regeneration","Energy Orb","Wild Guardian","Leashing Soul","Expansive Frost Cloak","Elemental Susceptibility","Elemental Blockade","Echoing Vigor","Aggressive Horn"
"Lucent Citadel","Zilyesset / Count Ryelaz","https://www.esologs.com/reports/bzR1r24FkCvaA8B9#fight=6&type=summary&source=14","@janGatmanjan","Carisina Songsiren","animal-green-winter-powerful-assault-serpents-disdain","healer","Animal","Green","Winter","Serpent's Disdain","Powerful Assault","8100.5","63604.1","48.2","63604.1 HPS","","Nazaray Guise (Nazaray)","Robe of Serpent's Disdain (Serpent's Disdain)","Nazaray Epaulets (Nazaray)","Gloves of Serpent's Disdain (Serpent's Disdain)","","Breeches of Serpent's Disdain (Serpent's Disdain)","Shoes of Serpent's Disdain (Serpent's Disdain)","","Ring of the Powerful Assault (Powerful Assault)","Ring of the Powerful Assault (Powerful Assault)","The Master's Perfected Restoration Staff (Perfected Grand Rejuvenation)"," ()","Ice Staff of the Powerful Assault (Powerful Assault)"," ()","Budding Seeds","Illustrious Healing","Combat Prayer","Radiating Regeneration","Energy Orb","Wild Guardian","Leashing Soul","Expansive Frost Cloak","Elemental Susceptibility","Elemental Blockade","Echoing Vigor","Aggressive Horn"
"Lucent Citadel","Zilyesset / Count Ryelaz","https://www.esologs.com/reports/bzR1r24FkCvaA8B9#fight=6&type=summary&source=9","@Ikashimi96","Wait I'm Tanking","storm-x-x-elemental-catalyst-perfected-lucent-echoes","tank","Storm","x","x","Elemental Catalyst","Perfected Lucent Echoes","22873.4","31098.5","67.0","67.0 CPM","The Lady","Lord Warden Dusk's Visage (Lord Warden)","Lucent Echoes Perfected Cuirass (Perfected Lucent Echoes)","Lord Warden Dusk's Arm Cops (Lord Warden)","Lucent Echoes Perfected Gauntlets (Perfected Lucent Echoes)","","Lucent Echoes Perfected Greaves (Perfected Lucent Echoes)","Lucent Echoes Perfected Sabatons (Perfected Lucent Echoes)","","Ring of Catalyst (Elemental Catalyst)","Ring of Catalyst (Elemental Catalyst)","Ice Staff of Catalyst (Elemental Catalyst)"," ()","Lightning Staff of Catalyst (Elemental Catalyst)"," ()","Inner Rage","Scalding Rune","Regenerative Ward","Vibrant Shroud","Lightning Flood","Reviving Barrier","Elemental Susceptibility","Elemental Blockade","Echoing Vigor","Boundless Storm","Mystic Orb","Reviving Barrier"
"Lucent Citadel","Zilyesset / Count Ryelaz","https://www.esologs.com/reports/bzR1r24FkCvaA8B9#fight=6&type=summary&source=8","@Ikashimi96","Wait I'm Tanking","storm-x-x-elemental-catalyst-perfected-lucent-echoes","tank","Storm","x","x","Elemental Catalyst","Perfected Lucent Echoes","20065.6","22663.4","62.9","62.9 CPM","","Lord Warden Dusk's Visage (Lord Warden)","Cryptcanon Vestments (Cryptcanon Vestments)","Lucent Echoes Perfected Pauldrons (Perfected Lucent Echoes)","Lucent Echoes Perfected Gauntlets (Perfected Lucent Echoes)","","Lucent Echoes Perfected Greaves (Perfected Lucent Echoes)","Lucent Echoes Perfected Sabatons (Perfected Lucent Echoes)","","Ring of Catalyst (Elemental Catalyst)","Ring of Catalyst (Elemental Catalyst)","Ice Staff of Catalyst (Elemental Catalyst)"," ()","Lightning Staff of Catalyst (Elemental Catalyst)"," ()","Inner Rage","Scalding Rune","Regenerative Ward","Vibrant Shroud","Lightning Flood","Reviving Barrier","Elemental Susceptibility","Elemental Blockade","Echoing Vigor","Boundless Storm","Mystic Orb","Reviving Barrier"
"Lucent Citadel","Zilyesset / Count Ryelaz","https://www.esologs.com/reports/P6rbM4QWKt3L8dXk#fight=38&type=summary&source=10","@bitrock","Prison-Death","daedric-dark-storm-perfected-lucent-echoes-powerful-assault","tank","Dark","Daedric","Storm","Perfected Lucent Echoes","Powerful Assault","57669.2","11403.3","55.0","55.0 CPM","The Thief","Slimecraw Guise (Slimecraw)","Lucent Echoes Perfected Cuirass (Perfected Lucent Echoes)","Spaulder of Ruin (Spaulder of Ruin)","Lucent Echoes Perfected Gauntlets (Perfected Lucent Echoes)","","Lucent Echoes Perfected Greaves (Perfected Lucent Echoes)","Lucent Echoes Perfected Sabatons (Perfected Lucent Echoes)","","Ring of the Powerful Assault (Powerful Assault)","Ring of the Powerful Assault (Powerful Assault)","Dagger of the Powerful Assault (Powerful Assault)","Dagger of the Powerful Assault (Powerful Assault)","The Maelstrom's Perfected Ice Staff (Perfected Crushing Wall)"," ()","Crystal Fragments","Daedric Prey","Sundering Knife","Quick Cloak","Anti-Cavalry Caltrops","Flawless Dawnbreaker","Elemental Blockade","Elemental Susceptibility","Liquid Lightning","Hurricane","Inner Rage","Summon Charged Atronach"
"Lucent Citadel","Zilyesset / Count Ryelaz","https://www.esologs.com/reports/P6rbM4QWKt3L8dXk#fight=38&type=summary&source=10","@TheMrPancake","Vibrant Shroud","daedric-dark-storm-perfected-lucent-echoes-powerful-assault","tank","Dark","Daedric","Storm","Perfected Lucent Echoes","Powerful Assault","38790.0","16086.7","96.2","96.2 CPM","","Nunatak's Mask (Nunatak)","Lucent Echoes Perfected Cuirass (Perfected Lucent Echoes)","Nunatak's Epaulets (Nunatak)","Lucent Echoes Perfected Gauntlets (Perfected Lucent Echoes)","","Lucent Echoes Perfected Greaves (Perfected Lucent Echoes)","Lucent Echoes Perfected Sabatons (Perfected Lucent Echoes)","","Ring of the Powerful Assault (Powerful Assault)","Ring of the Powerful Assault (Powerful Assault)","Dagger of the Powerful Assault (Powerful Assault)","Dagger of the Powerful Assault (Powerful Assault)","The Maelstrom's Perfected Ice Staff (Perfected Crushing Wall)"," ()","Inner Rage","Hardened Ward","Shattering Knife","Mystic Orb","Resolving Vigor","Reviving Barrier","Elemental Susceptibility","Dark Deal","Bound Aegis","Elemental Blockade","Boundless Storm","Summon Charged Atronach"
"Lucent Citadel","Cavot Agnan","https://www.esologs.com/reports/VyvdT4M7BqxRZwFp#fight=32&type=summary&source=14","@JuicyJelly","Kek Cro","grave-herald-x-corpseburster-perfected-slivers-of-the-null-arca","dps","Grave","Herald","x","Perfected Slivers of the Null Arca","Corpseburster","114013.0","5514.0","44.7","114013.0 DPS","","Slimecraw Mask (Slimecraw)","Perfected Null Arca Jack (Perfected Slivers of the Null Arca)","Perfected Null Arca Arm Cops (Perfected Slivers of the Null Arca)","Perfected Null Arca Bracers (Perfected Slivers of the Null Arca)","","Perfected Null Arca Guards (Perfected Slivers of the Null Arca)","Perfected Null Arca Boots (Perfected Slivers of the Null Arca)","","Corpseburster Ring (Corpseburster)","Corpseburster Ring (Corpseburster)","Corpseburster Dagger (Corpseburster)","Corpseburster Dagger (Corpseburster)","The Maelstrom's Perfected Greatsword (Perfected Merciless Charge)"," ()","Detonating Siphon","Blighted Blastbones","Venom Skull","Unnerving Boneyard","Banner Bearer","Flawless Dawnbreaker","Stampede","Carve","Barbed Trap","Skeletal Archer","Banner Bearer","Glacial Colossus"
"Lucent Citadel","Cavot Agnan","https://www.esologs.com/reports/VyvdT4M7BqxRZwFp#fight=32&type=summary&source=8","@CinisMortis","Necrocinis","grave-herald-x-corpseburster-perfected-slivers-of-the-null-arca","dps","Grave","Herald","x","Perfected Slivers of the Null Arca","Corpseburster","85858.5","7104.7","41.6","85858.5 DPS","","Slimecraw Mask (Slimecraw)","Perfected Null Arca Jack (Perfected Slivers of the Null Arca)","Corpseburster Arm Cops (Corpseburster)","Perfected Null Arca Bracers (Perfected Slivers of the Null Arca)","","Perfected Null Arca Guards (Perfected Slivers of the Null Arca)","Perfected Null Arca Boots (Perfected Slivers of the Null Arca)","","Corpseburster Ring (Corpseburster)","Shattered Paths Signet (Shattered Paths Signet)","Corpseburster Axe (Corpseburster)","Corpseburster Dagger (Corpseburster)","The Maelstrom's Perfected Greatsword (Perfected Merciless Charge)"," ()","Blighted Blastbones","Venom Skull","Detonating Siphon","Avid Boneyard","Banner Bearer","Glacial Colossus","Stampede","Carve","Skeletal Archer","Barbed Trap","Banner Bearer","Flawless Dawnbreaker"
"Lucent Citadel","Cavot Agnan","https://www.esologs.com/reports/VyvdT4M7BqxRZwFp#fight=32&type=summary&source=3","@klerk88","Del'Say","grave-herald-x-corpseburster-perfected-slivers-of-the-null-arca","dps","Grave","Herald","x","Perfected Slivers of the Null Arca","Corpseburster","96078.6","1967.7","61.1","96078.6 DPS","","Slimecraw Mask (Slimecraw)","Perfected Null Arca Jack (Perfected Slivers of the Null Arca)","Perfected Null Arca Arm Cops (Perfected Slivers of the Null Arca)","Perfected Null Arca Bracers (Perfected Slivers of the Null Arca)","","Corpseburster Guards (Corpseburster)","Perfected Null Arca Boots (Perfected Slivers of the Null Arca)","","Shattered Paths Signet (Shattered Paths Signet)","Corpseburster Ring (Corpseburster)","Corpseburster Dagger (Corpseburster)","Corpseburster Dagger (Corpseburster)","The Maelstrom's Perfected Greatsword (Perfected Merciless Charge)"," ()","Blighted Blastbones","Unnerving Boneyard","Detonating Siphon","Venom Skull","Banner Bearer","Glacial Colossus","Stampede","Carve","Barbed Trap","Skeletal Archer","Banner Bearer","Ice Comet"
"Lucent Citadel","Cavot Agnan","https://www.esologs.com/reports/VyvdT4M7BqxRZwFp#fight=32&type=summary&source=28","@Jdog2716","Netchbone Necra","grave-herald-x-corpseburster-perfected-slivers-of-the-null-arca","dps","Grave","Herald","x","Perfected Slivers of the Null Arca","Corpseburster","63756.5","6686.7","42.2","63756.5 DPS","","Huntsman's Warmask (Huntsman's Warmask)","Perfected Null Arca Jack (Perfected Slivers of the Null Arca)","Slimecraw Epaulets (Slimecraw)","Perfected Null Arca Bracers (Perfected Slivers of the Null Arca)","","Perfected Null Arca Guards (Perfected Slivers of the Null Arca)","Perfected Null Arca Boots (Perfected Slivers of the Null Arca)","","Corpseburster Ring (Corpseburster)","Corpseburster Ring (Corpseburster)","Corpseburster Dagger (Corpseburster)","Corpseburster Dagger (Corpseburster)","The Maelstrom's Perfected Greatsword (Perfected Merciless Charge)"," ()","Blighted Blastbones","Detonating Siphon","Venom Skull","Unnerving Boneyard","Banner Bearer","Flawless Dawnbreaker","Barbed Trap","Carve","Stampede","Skeletal Archer","Banner Bearer","Shooting Star"
"Lucent Citadel","Cavot Agnan","https://www.esologs.com/reports/VyvdT4M7BqxRZwFp#fight=32&type=summary&source=4","@Jaegeron","Gurslag Soul-Corruptor","grave-herald-x-corpseburster-perfected-slivers-of-the-null-arca","dps","Grave","Herald","x","Perfected Slivers of the Null Arca","Corpseburster","148645.7","8721.0","85.3","148645.7 DPS","","Huntsman's Warmask (Huntsman's Warmask)","Perfected Null Arca Jack (Perfected Slivers of the Null Arca)","Slimecraw Arm Cops (Slimecraw)","Perfected Null Arca Bracers (Perfected Slivers of the Null Arca)","","Perfected Null Arca Guards (Perfected Slivers of the Null Arca)","Perfected Null Arca Boots (Perfected Slivers of the Null Arca)","","Corpseburster Ring (Corpseburster)","Corpseburster Ring (Corpseburster)","Corpseburster Dagger (Corpseburster)","Corpseburster Dagger (Corpseburster)","The Maelstrom's Perfected Greatsword (Perfected Merciless Charge)"," ()","Venom Skull","Avid Boneyard","Blighted Blastbones","Detonating Siphon","Banner Bearer","Flawless Dawnbreaker","Barbed Trap","Carve","Stampede","Skeletal Archer","Banner Bearer","Glacial Colossus"
"Lucent Citadel","Cavot Agnan","https://www.esologs.com/reports/VyvdT4M7BqxRZwFp#fight=32&type=summary&source=2","@CaliburXIII","Cal Sees Dead People","grave-herald-x-corpseburster-perfected-slivers-of-the-null-arca","dps","Grave","Herald","x","Perfected Slivers of the Null Arca","Corpseburster","177853.4","19717.9","66.5","177853.4 DPS","","Huntsman's Warmask (Huntsman's Warmask)","Perfected Null Arca Jack (Perfected Slivers of the Null Arca)","Corpseburster Epaulets (Corpseburster)","Perfected Null Arca Bracers (Perfected Slivers of the Null Arca)","","Perfected Null Arca Guards (Perfected Slivers of the Null Arca)","Perfected Null Arca Boots (Perfected Slivers of the Null Arca)","","Corpseburster Ring (Corpseburster)","Corpseburster Ring (Corpseburster)","Corpseburster Dagger (Corpseburster)","Corpseburster Dagger (Corpseburster)","The Maelstrom's Perfected Greatsword (Perfected Merciless Charge)"," ()","Blighted Blastbones","Venom Skull","Unnerving Boneyard","Detonating Siphon","Banner Bearer","Flawless Dawnbreaker","Stampede","Barbed Trap","Carve","Skeletal Archer","Banner Bearer","Glacial Colossus"
"Lucent Citadel","Cavot Agnan","https://www.esologs.com/reports/VyvdT4M7BqxRZwFp#fight=32&type=summary&source=5","@Cixa","Cixa Nostus","grave-herald-x-corpseburster-perfected-slivers-of-the-null-arca","dps","Grave","Herald","x","Perfected Slivers of the Null Arca","Corpseburster","161395.6","3129.6","69.7","161395.6 DPS","","Huntsman's Warmask (Huntsman's Warmask)","Perfected Null Arca Jack (Perfected Slivers of the Null Arca)","Slimecraw Arm Cops (Slimecraw)","Perfected Null Arca Bracers (Perfected Slivers of the Null Arca)","","Perfected Null Arca Guards (Perfected Slivers of the Null Arca)","Perfected Null Arca Boots (Perfected Slivers of the Null Arca)","","Corpseburster Ring (Corpseburster)","Corpseburster Ring (Corpseburster)","Corpseburster Dagger (Corpseburster)","Corpseburster Dagger (Corpseburster)","The Maelstrom's Perfected Greatsword (Perfected Merciless Charge)"," ()","Blighted Blastbones","Detonating Siphon","Venom Skull","Unnerving Boneyard","Banner Bearer","Flawless Dawnbreaker","Barbed Trap","Skeletal Arcanist","Stampede","Carve","Banner Bearer","Ice Comet"
"Lucent Citadel","Cavot Agnan","https://www.esologs.com/reports/VyvdT4M7BqxRZwFp#fight=32&type=summary&source=6","@p0rk","four day old hamburger","grave-herald-x-corpseburster-perfected-slivers-of-the-null-arca","dps","Grave","Herald","x","Perfected Slivers of the Null Arca","Corpseburster","126603.4","3423.2","64.4","126603.4 DPS","","Huntsman's Warmask (Huntsman's Warmask)","Perfected Null Arca Jack (Perfected Slivers of the Null Arca)","Zaan Epaulets (Zaan)","Perfected Null Arca Bracers (Perfected Slivers of the Null Arca)","","Corpseburster Breeches (Corpseburster)","Perfected Null Arca Boots (Perfected Slivers of the Null Arca)","","Corpseburster Ring (Corpseburster)","Corpseburster Ring (Corpseburster)","Corpseburster Dagger (Corpseburster)","Corpseburster Dagger (Corpseburster)","The Maelstrom's Greatsword (Merciless Charge)"," ()","Detonating Siphon","Blighted Blastbones","Venom Skull","Unnerving Boneyard","Banner Bearer","Flawless Dawnbreaker","Skeletal Archer","Stampede","Carve","Barbed Trap","Banner Bearer","Shooting Star"
"Lucent Citadel","Cavot Agnan","https://www.esologs.com/reports/VyvdT4M7BqxRZwFp#fight=32&type=summary&source=7","@LeopardoColorido","Jimim do Dps","grave-herald-x-corpseburster-perfected-slivers-of-the-null-arca","dps","Grave","Herald","x","Perfected Slivers of the Null Arca","Corpseburster","136421.6","7938.7","75.1","136421.6 DPS","","Huntsman's Warmask (Huntsman's Warmask)","Perfected Null Arca Jack (Perfected Slivers of the Null Arca)","Slimecraw Arm Cops (Slimecraw)","Perfected Null Arca Bracers (Perfected Slivers of the Null Arca)","","Perfected Null Arca Guards (Perfected Slivers of the Null Arca)","Corpseburster Boots (Corpseburster)","","Corpseburster Ring (Corpseburster)","Corpseburster Ring (Corpseburster)","Perfected Null Arca Dagger (Perfected Slivers of the Null Arca)","Perfected Null Arca Dagger (Perfected Slivers of the Null Arca)","The Maelstrom's Perfected Greatsword (Perfected Merciless Charge)"," ()","Blighted Blastbones","Venom Skull","Avid Boneyard","Detonating Siphon","Banner Bearer","Flawless Dawnbreaker","Stampede","Barbed Trap","Carve","Skeletal Arcanist","Banner Bearer","Shooting Star"
"Lucent Citadel","Cavot Agnan","https://www.esologs.com/reports/VyvdT4M7BqxRZwFp#fight=32&type=summary&source=42","@Im5HEAD","The Dark In Me","grave-herald-x-corpseburster-perfected-slivers-of-the-null-arca","dps","Grave","Herald","x","Perfected Slivers of the Null Arca","Corpseburster","168881.7","5623.1","78.7","168881.7 DPS","","Huntsman's Warmask (Huntsman's Warmask)","Perfected Null Arca Jack (Perfected Slivers of the Null Arca)","The Blind Epaulets (The Blind)","Perfected Null Arca Bracers (Perfected Slivers of the Null Arca)","","Perfected Null Arca Guards (Perfected Slivers of the Null Arca)","Perfected Null Arca Boots (Perfected Slivers of the Null Arca)","","Corpseburster Ring (Corpseburster)","Corpseburster Ring (Corpseburster)","Corpseburster Dagger (Corpseburster)","Corpseburster Dagger (Corpseburster)","The Maelstrom's Perfected Greatsword (Perfected Merciless Charge)"," ()","Blighted Blastbones","Unnerving Boneyard","Venom Skull","Banner Bearer","Detonating Siphon","Flawless Dawnbreaker","Stampede","Carve","Barbed Trap","Banner Bearer","Skeletal Archer","Shooting Star"
"Lucent Citadel","Cavot Agnan","https://www.esologs.com/reports/VyvdT4M7BqxRZwFp#fight=32&type=summary&source=16","@Athic","Sadryn Aran","grave-herald-x-corpseburster-perfected-slivers-of-the-null-arca","dps","Grave","Herald","x","Perfected Slivers of the Null Arca","Corpseburster","191314.2","16150.7","80.5","191314.2 DPS","The Thief","Huntsman's Warmask (Huntsman's Warmask)","Perfected Null Arca Jack (Perfected Slivers of the Null Arca)","Zaan Arm Cops (Zaan)","Perfected Null Arca Bracers (Perfected Slivers of the Null Arca)","","Perfected Null Arca Guards (Perfected Slivers of the Null Arca)","Perfected Null Arca Boots (Perfected Slivers of the Null Arca)","","Corpseburster Ring (Corpseburster)","Corpseburster Ring (Corpseburster)","Corpseburster Dagger (Corpseburster)","Corpseburster Dagger (Corpseburster)","The Maelstrom's Perfected Greatsword (Perfected Merciless Charge)"," ()","Venom Skull","Detonating Siphon","Unnerving Boneyard","Blighted Blastbones","Banner Bearer","Flawless Dawnbreaker","Skeletal Archer","Carve","Channeled Acceleration","Stampede","Banner Bearer","Shooting Star"
"Lucent Citadel","Cavot Agnan","https://www.esologs.com/reports/VyvdT4M7BqxRZwFp#fight=32&type=summary&source=15","@WiGe06","tebzi pagnumaith","bone-grave-herald-corpseburster-perfected-slivers-of-the-null-arca","dps","Grave","Bone","Herald","Perfected Slivers of the Null Arca","Corpseburster","178007.7","11370.4","114.0","178007.7 DPS","","Huntsman's Warmask (Huntsman's Warmask)","Perfected Null Arca Jack (Perfected Slivers of the Null Arca)","The Blind Arm Cops (The Blind)","Perfected Null Arca Bracers (Perfected Slivers of the Null Arca)","","Perfected Null Arca Guards (Perfected Slivers of the Null Arca)","Perfected Null Arca Boots (Perfected Slivers of the Null Arca)","","Corpseburster Ring (Corpseburster)","Corpseburster Ring (Corpseburster)","Corpseburster Dagger (Corpseburster)","Corpseburster Dagger (Corpseburster)","The Maelstrom's Perfected Greatsword (Perfected Merciless Charge)"," ()","Banner Bearer","Unnerving Boneyard","Blighted Blastbones","Detonating Siphon","Venom Skull","Flawless Dawnbreaker","Banner Bearer","Stampede","Carve","Barbed Trap","Skeletal Archer","Pummeling Goliath"
"Lucent Citadel","Cavot Agnan","https://www.esologs.com/reports/VyvdT4M7BqxRZwFp#fight=32&type=summary&source=1","@CosyPeets","Ivy Darkheart","bone-grave-herald-corpseburster-perfected-slivers-of-the-null-arca","dps","Grave","Bone","Herald","Perfected Slivers of the Null Arca","Corpseburster","58030.2","1092.6","36.8","58030.2 DPS","","Slimecraw Mask (Slimecraw)","Null Arca Jack (Slivers of the Null Arca)","Corpseburster Arm Cops (Corpseburster)","Null Arca Bracers (Slivers of the Null Arca)","","Null Arca Guards (Slivers of the Null Arca)","Null Arca Boots (Slivers of the Null Arca)","","Corpseburster Ring (Corpseburster)","Corpseburster Ring (Corpseburster)","Corpseburster Dagger (Corpseburster)","Corpseburster Axe (Corpseburster)","The Maelstrom's Perfected Greatsword (Perfected Merciless Charge)"," ()","Venom Skull","Blighted Blastbones","Mystic Siphon","Avid Boneyard","Banner Bearer","Flawless Dawnbreaker","Stampede","Carve","Ghostly Embrace","Skeletal Archer","Banner Bearer","Glacial Colossus"
"Lucent Citadel","Cavot Agnan","https://www.esologs.com/reports/VyvdT4M7BqxRZwFp#fight=32&type=summary&source=5","@BRabbit.3","Krieg The Dark Lord","bone-grave-herald-corpseburster-perfected-slivers-of-the-null-arca","dps","Grave","Bone","Herald","Perfected Slivers of the Null Arca","Corpseburster","207797.7","13810.4","128.7","207797.7 DPS","","Huntsman's Warmask (Huntsman's Warmask)","Perfected Null Arca Jack (Perfected Slivers of the Null Arca)","Zaan Arm Cops (Zaan)","Perfected Null Arca Bracers (Perfected Slivers of the Null Arca)","","Perfected Null Arca Guards (Perfected Slivers of the Null Arca)","Perfected Null Arca Boots (Perfected Slivers of the Null Arca)","","Corpseburster Ring (Corpseburster)","Corpseburster Ring (Corpseburster)","Corpseburster Dagger (Corpseburster)","Corpseburster Dagger (Corpseburster)","The Maelstrom's Greatsword (Merciless Charge)"," ()","Unnerving Boneyard","Blighted Blastbones","Venom Skull","Detonating Siphon","Banner Bearer","Flawless Dawnbreaker","Barbed Trap","Carve","Skeletal Archer","Stampede","Banner Bearer","Pummeling Goliath"
"Lucent Citadel","Cavot Agnan","https://www.esologs.com/reports/VyvdT4M7BqxRZwFp#fight=32&type=summary&source=17","@ObiJovi","Bhashíva","bone-grave-herald-corpseburster-perfected-slivers-of-the-null-arca","dps","Grave","Bone","Herald","Perfected Slivers of the Null Arca","Corpseburster","100216.8","8841.0","82.8","100216.8 DPS","","Huntsman's Warmask (Huntsman's Warmask)","Perfected Null Arca Jack (Perfected Slivers of the Null Arca)","Slimecraw Arm Cops (Slimecraw)","Perfected Null Arca Bracers (Perfected Slivers of the Null Arca)","","Perfected Null Arca Guards (Perfected Slivers of the Null Arca)","Perfected Null Arca Boots (Perfected Slivers of the Null Arca)","","Corpseburster Ring (Corpseburster)","Corpseburster Ring (Corpseburster)","Corpseburster Dagger (Corpseburster)","Corpseburster Dagger (Corpseburster)","The Maelstrom's Perfected Greatsword (Perfected Merciless Charge)"," ()","Venom Skull","Blighted Blastbones","Detonating Siphon","Avid Boneyard","Banner Bearer","Flawless Dawnbreaker","Stampede","Carve","Barbed Trap","Skeletal Archer","Banner Bearer","Pummeling Goliath"
"Lucent Citadel","Cavot Agnan","https://www.esologs.com/reports/VyvdT4M7BqxRZwFp#fight=32&type=summary&source=4","@Glorious_ufs","Enlightened man","bone-grave-herald-corpseburster-perfected-slivers-of-the-null-arca","dps","Grave","Bone","Herald","Perfected Slivers of the Null Arca","Corpseburster","235786.0","8797.1","133.1","235786.0 DPS","","Huntsman's Warmask (Huntsman's Warmask)","Perfected Null Arca Jack (Perfected Slivers of the Null Arca)","Zaan Epaulets (Zaan)","Perfected Null Arca Bracers (Perfected Slivers of the Null Arca)","","Perfected Null Arca Guards (Perfected Slivers of the Null Arca)","Perfected Null Arca Boots (Perfected Slivers of the Null Arca)","","Corpseburster Ring (Corpseburster)","Corpseburster Ring (Corpseburster)","Corpseburster Dagger (Corpseburster)","Corpseburster Dagger (Corpseburster)","The Maelstrom's Perfected Greatsword (Perfected Merciless Charge)"," ()","Venom Skull","Blighted Blastbones","Unnerving Boneyard","Banner Bearer","Detonating Siphon","Flawless Dawnbreaker","Stampede","Carve","Skeletal Archer","Banner Bearer","Barbed Trap","Pummeling Goliath"
"Lucent Citadel","Cavot Agnan","https://www.esologs.com/reports/VyvdT4M7BqxRZwFp#fight=32&type=summary&source=12","@Maglaud","Bone Boyo","bone-grave-herald-corpseburster-perfected-slivers-of-the-null-arca","dps","Grave","Bone","Herald","Perfected Slivers of the Null Arca","Corpseburster","162574.6","16077.6","117.9","162574.6 DPS","","Huntsman's Warmask (Huntsman's Warmask)","Perfected Null Arca Jack (Perfected Slivers of the Null Arca)","Slimecraw Arm Cops (Slimecraw)","Perfected Null Arca Bracers (Perfected Slivers of the Null Arca)","","Perfected Null Arca Guards (Perfected Slivers of the Null Arca)","Perfected Null Arca Boots (Perfected Slivers of the Null Arca)","","Corpseburster Ring (Corpseburster)","Corpseburster Ring (Corpseburster)","Corpseburster Dagger (Corpseburster)","Corpseburster Dagger (Corpseburster)","The Maelstrom's Perfected Greatsword (Perfected Merciless Charge)"," ()","Banner Bearer","Venom Skull","Blighted Blastbones","Detonating Siphon","Unnerving Boneyard","Flawless Dawnbreaker","Barbed Trap","Banner Bearer","Skeletal Archer","Carve","Stampede","Pummeling Goliath"
"Lucent Citadel","Cavot Agnan","https://www.esologs.com/reports/VyvdT4M7BqxRZwFp#fight=32&type=summary&source=38","@RayRegiCide","Ray Yūrei","bone-grave-herald-corpseburster-perfected-slivers-of-the-null-arca","dps","Grave","Bone","Herald","Perfected Slivers of the Null Arca","Corpseburster","239352.1","13683.1","122.1","239352.1 DPS","","Huntsman's Warmask (Huntsman's Warmask)","Perfected Null Arca Jack (Perfected Slivers of the Null Arca)","Ansuul's Perfected Arm Cops (Perfected Ansuul's Torment)","Perfected Null Arca Bracers (Perfected Slivers of the Null Arca)","","Perfected Null Arca Guards (Perfected Slivers of the Null Arca)","Perfected Null Arca Boots (Perfected Slivers of the Null Arca)","","Corpseburster Ring (Corpseburster)","Corpseburster Ring (Corpseburster)","Corpseburster Dagger (Corpseburster)","Corpseburster Dagger (Corpseburster)","The Maelstrom's Perfected Greatsword (Perfected Merciless Charge)"," ()","Detonating Siphon","Blighted Blastbones","Unnerving Boneyard","Venom Skull","Banner Bearer","Flawless Dawnbreaker","Anti-Cavalry Caltrops","Carve","Stampede","Barbed Trap","Banner Bearer","Pummeling Goliath"
"Lucent Citadel","Cavot Agnan","https://www.esologs.com/reports/VyvdT4M7BqxRZwFp#fight=32&type=summary&source=7","@Maglaud","Bone Boyo","bone-grave-herald-corpseburster-perfected-slivers-of-the-null-arca","tank","Grave","Bone","Herald","Perfected Slivers of the Null Arca","Corpseburster","145820.1","10475.6","99.1","99.1 CPM","","Huntsman's Warmask (Huntsman's Warmask)","Perfected Null Arca Jack (Perfected Slivers of the Null Arca)","Slimecraw Arm Cops (Slimecraw)","Perfected Null Arca Bracers (Perfected Slivers of the Null Arca)","","Perfected Null Arca Guards (Perfected Slivers of the Null Arca)","Perfected Null Arca Boots (Perfected Slivers of the Null Arca)","","Corpseburster Ring (Corpseburster)","Corpseburster Ring (Corpseburster)","Corpseburster Dagger (Corpseburster)","Corpseburster Dagger (Corpseburster)","The Maelstrom's Perfected Greatsword (Perfected Merciless Charge)"," ()","Banner Bearer","Venom Skull","Blighted Blastbones","Detonating Siphon","Unnerving Boneyard","Flawless Dawnbreaker","Barbed Trap","Banner Bearer","Skeletal Archer","Carve","Stampede","Pummeling Goliath"
"Lucent Citadel","Cavot Agnan","https://www.esologs.com/reports/VyvdT4M7BqxRZwFp#fight=32&type=summary&source=11","@Glorious_ufs","Enlightened man","bone-grave-herald-corpseburster-perfected-slivers-of-the-null-arca","tank","Grave","Bone","Herald","Perfected Slivers of the Null Arca","Corpseburster","189851.8","9359.9","105.4","105.4 CPM","","Huntsman's Warmask (Huntsman's Warmask)","Perfected Null Arca Jack (Perfected Slivers of the Null Arca)","Zaan Epaulets (Zaan)","Perfected Null Arca Bracers (Perfected Slivers of the Null Arca)","","Perfected Null Arca Guards (Perfected Slivers of the Null Arca)","Perfected Null Arca Boots (Perfected Slivers of the Null Arca)","","Corpseburster Ring (Corpseburster)","Corpseburster Ring (Corpseburster)","Corpseburster Dagger (Corpseburster)","Corpseburster Dagger (Corpseburster)","The Maelstrom's Perfected Greatsword (Perfected Merciless Charge)"," ()","Venom Skull","Blighted Blastbones","Unnerving Boneyard","Banner Bearer","Detonating Siphon","Flawless Dawnbreaker","Stampede","Carve","Skeletal Archer","Banner Bearer","Barbed Trap","Pummeling Goliath"
"Lucent Citadel","Cavot Agnan","https://www.esologs.com/reports/k9wb3RVGmJD2Xfp7#fight=11&type=summary&source=2","@goalpost02","Apocrypha Meow","herald-x-x-perfected-slivers-of-the-null-arca-spattering-disjunction","dps","Herald","x","x","Spattering Disjunction","Perfected Slivers of the Null Arca","79527.0","4333.8","25.8","79527.0 DPS","","Slimecraw Guise (Slimecraw)","Spattering Disjunction Jack (Spattering Disjunction)","Spattering Disjunction Arm Cops (Spattering Disjunction)","Perfected Null Arca Bracers (Perfected Slivers of the Null Arca)","","Perfected Null Arca Guards (Perfected Slivers of the Null Arca)","Perfected Null Arca Boots (Perfected Slivers of the Null Arca)","","Perfected Null Arca Ring (Perfected Slivers of the Null Arca)","Perfected Null Arca Ring (Perfected Slivers of the Null Arca)","Spattering Disjunction Dagger (Spattering Disjunction)","Spattering Disjunction Dagger (Spattering Disjunction)","The Maelstrom's Perfected Inferno Staff (Perfected Crushing Wall)"," ()","Barbed Trap","Quick Cloak","Pragmatic Fatecarver","Cephaliarch's Flail","Camouflaged Hunter","Flawless Dawnbreaker","Inspired Scholarship","Resolving Vigor","Elemental Blockade","Fulminating Rune","Camouflaged Hunter","The Languid Eye"
"Lucent Citadel","Cavot Agnan","https://www.esologs.com/reports/k9wb3RVGmJD2Xfp7#fight=11&type=summary&source=16","@TheInsaneEngineer","Luris Malonam","herald-x-x-perfected-slivers-of-the-null-arca-spattering-disjunction","dps","Herald","x","x","Spattering Disjunction","Perfected Slivers of the Null Arca","105547.5","6119.3","43.3","105547.5 DPS","","Huntsman's Warmask (Huntsman's Warmask)","Spattering Disjunction Jack (Spattering Disjunction)","Slimecraw Epaulets (Slimecraw)","Spattering Disjunction Bracers (Spattering Disjunction)","","Spattering Disjunction Guards (Spattering Disjunction)","Spattering Disjunction Boots (Spattering Disjunction)","","Perfected Null Arca Ring (Perfected Slivers of the Null Arca)","Perfected Null Arca Ring (Perfected Slivers of the Null Arca)","Perfected Null Arca Dagger (Perfected Slivers of the Null Arca)","Perfected Null Arca Dagger (Perfected Slivers of the Null Arca)","The Maelstrom's Perfected Inferno Staff (Perfected Crushing Wall)"," ()","Pragmatic Fatecarver","Cephaliarch's Flail","Quick Cloak","Barbed Trap","Banner Bearer","Flawless Dawnbreaker","Elemental Blockade","Ring of Preservation","Inspired Scholarship","Fulminating Rune","Banner Bearer","The Languid Eye"
"Lucent Citadel","Cavot Agnan","https://www.esologs.com/reports/k9wb3RVGmJD2Xfp7#fight=11&type=summary&source=1","@Paradoxdruid","Seeker-of-the-Paradox","herald-x-x-perfected-slivers-of-the-null-arca-spattering-disjunction","dps","Herald","x","x","Perfected Slivers of the Null Arca","Spattering Disjunction","80967.3","19261.5","24.0","80967.3 DPS","","Slimecraw Guise (Slimecraw)","Perfected Null Arca Jack (Perfected Slivers of the Null Arca)","Spattering Disjunction Arm Cops (Spattering Disjunction)","Spattering Disjunction Bracers (Spattering Disjunction)","","Perfected Null Arca Guards (Perfected Slivers of the Null Arca)","Spattering Disjunction Boots (Spattering Disjunction)","","Spattering Disjunction Ring (Spattering Disjunction)","Spattering Disjunction Ring (Spattering Disjunction)","Perfected Null Arca Dagger (Perfected Slivers of the Null Arca)","Perfected Null Arca Dagger (Perfected Slivers of the Null Arca)","The Maelstrom's Inferno Staff (Crushing Wall)"," ()","Quick Cloak","Camouflaged Hunter","Cephaliarch's Flail","Pragmatic Fatecarver","Banner Bearer","Flawless Dawnbreaker","Inspired Scholarship","Blockade of Fire","Fulminating Rune","Echoing Vigor","Banner Bearer","The Languid Eye"
"Lucent Citadel","Cavot Agnan","https://www.esologs.com/reports/k9wb3RVGmJD2Xfp7#fight=11&type=summary&source=4","@Linx26","Erîs","herald-x-x-perfected-slivers-of-the-null-arca-spattering-disjunction","dps","Herald","x","x","Spattering Disjunction","Perfected Slivers of the Null Arca","111796.8","5297.8","26.6","111796.8 DPS","The Thief","Slimecraw Guise (Slimecraw)","Spattering Disjunction Jack (Spattering Disjunction)","Perfected Null Arca Arm Cops (Perfected Slivers of the Null Arca)","Spattering Disjunction Bracers (Spattering Disjunction)","","Spattering Disjunction Guards (Spattering Disjunction)","Spattering Disjunction Boots (Spattering Disjunction)","","Perfected Null Arca Ring (Perfected Slivers of the Null Arca)","Perfected Null Arca Ring (Perfected Slivers of the Null Arca)","Perfected Null Arca Dagger (Perfected Slivers of the Null Arca)","Perfected Null Arca Dagger (Perfected Slivers of the Null Arca)","The Maelstrom's Perfected Greatsword (Perfected Merciless Charge)"," ()","Quick Cloak","Cephaliarch's Flail","Pragmatic Fatecarver","Barbed Trap","Banner Bearer","Flawless Dawnbreaker","Resolving Vigor","Stampede","Inspired Scholarship","Fulminating Rune","Banner Bearer","The Languid Eye"
"Lucent Citadel","Cavot Agnan","https://www.esologs.com/reports/k9wb3RVGmJD2Xfp7#fight=11&type=summary&source=24","@AMD_305","Ciri-V","herald-x-x-perfected-slivers-of-the-null-arca-spattering-disjunction","dps","Herald","x","x","Spattering Disjunction","Perfected Slivers of the Null Arca","97192.4","4079.3","34.8","97192.4 DPS","","Spattering Disjunction Helmet (Spattering Disjunction)","Perfected Null Arca Jack (Perfected Slivers of the Null Arca)","Slimecraw Arm Cops (Slimecraw)","Perfected Null Arca Bracers (Perfected Slivers of the Null Arca)","","Perfected Null Arca Guards (Perfected Slivers of the Null Arca)","Perfected Null Arca Boots (Perfected Slivers of the Null Arca)","","Spattering Disjunction Ring (Spattering Disjunction)","Spattering Disjunction Ring (Spattering Disjunction)","Spattering Disjunction Dagger (Spattering Disjunction)","Spattering Disjunction Dagger (Spattering Disjunction)","The Maelstrom's Perfected Inferno Staff (Perfected Crushing Wall)"," ()","Cephaliarch's Flail","Banner Bearer","Barbed Trap","Pragmatic Fatecarver","Quick Cloak","Flawless Dawnbreaker","Fulminating Rune","Inspired Scholarship","Scalding Rune","Banner Bearer","Elemental Blockade","The Languid Eye"
"Lucent Citadel","Cavot Agnan","https://www.esologs.com/reports/k9wb3RVGmJD2Xfp7#fight=11&type=summary&source=9","@zsvan","Prism Sensors Stable","herald-x-x-perfected-slivers-of-the-null-arca-spattering-disjunction","dps","Herald","x","x","Spattering Disjunction","Perfected Slivers of the Null Arca","101055.9","3305.1","21.7","101055.9 DPS","","Nerien'eth Visage (Nerien'eth)","Spattering Disjunction Jack (Spattering Disjunction)","Nerien'eth Epaulets (Nerien'eth)","Spattering Disjunction Bracers (Spattering Disjunction)","","Spattering Disjunction Guards (Spattering Disjunction)","Spattering Disjunction Boots (Spattering Disjunction)","","Perfected Null Arca Ring (Perfected Slivers of the Null Arca)","Perfected Null Arca Ring (Perfected Slivers of the Null Arca)","Perfected Null Arca Dagger (Perfected Slivers of the Null Arca)","Perfected Null Arca Dagger (Perfected Slivers of the Null Arca)","The Maelstrom's Perfected Greatsword (Perfected Merciless Charge)"," ()","Cephaliarch's Flail","Pragmatic Fatecarver","Quick Cloak","Echoing Vigor","Camouflaged Hunter","Flawless Dawnbreaker","Stampede","Fulminating Rune","Inspired Scholarship","Barbed Trap","Ulfsild's Contingency","The Languid Eye"
"Lucent Citadel","Cavot Agnan","https://www.esologs.com/reports/k9wb3RVGmJD2Xfp7#fight=11&type=summary&source=15","@Hakunamatatur","hakunamatatur","herald-x-x-perfected-slivers-of-the-null-arca-spattering-disjunction","dps","Herald","x","x","Spattering Disjunction","Perfected Slivers of the Null Arca","97733.5","11222.5","30.0","97733.5 DPS","","Slimecraw Mask (Slimecraw)","Spattering Disjunction Jack (Spattering Disjunction)","Perfected Null Arca Arm Cops (Perfected Slivers of the Null Arca)","Spattering Disjunction Bracers (Spattering Disjunction)","","Spattering Disjunction Guards (Spattering Disjunction)","Spattering Disjunction Boots (Spattering Disjunction)","","Shattered Paths Signet (Shattered Paths Signet)","Perfected Null Arca Ring (Perfected Slivers of the Null Arca)","Perfected Null Arca Dagger (Perfected Slivers of the Null Arca)","Perfected Null Arca Dagger (Perfected Slivers of the Null Arca)","The Maelstrom's Perfected Lightning Staff (Perfected Crushing Wall)"," ()","Banner Bearer","Camouflaged Hunter","Quick Cloak","Cephaliarch's Flail","Pragmatic Fatecarver","Flawless Dawnbreaker","Banner Bearer","Fulminating Rune","Elemental Susceptibility","Inspired Scholarship","Unstable Wall of Elements","The Languid Eye"
"Lucent Citadel","Cavot Agnan","https://www.esologs.com/reports/k9wb3RVGmJD2Xfp7#fight=11&type=summary&source=6","@Thimblewearer","Jade Beamweaver","herald-x-x-perfected-slivers-of-the-null-arca-spattering-disjunction","dps","Herald","x","x","Perfected Slivers of the Null Arca","Spattering Disjunction","74417.6","7641.4","39.3","74417.6 DPS","","Zaan Mask (Zaan)","Perfected Null Arca Jack (Perfected Slivers of the Null Arca)","Spattering Disjunction Arm Cops (Spattering Disjunction)","Spattering Disjunction Bracers (Spattering Disjunction)","","Perfected Null Arca Guards (Perfected Slivers of the Null Arca)","Perfected Null Arca Boots (Perfected Slivers of the Null Arca)","","Spattering Disjunction Ring (Spattering Disjunction)","Spattering Disjunction Ring (Spattering Disjunction)","Perfected Null Arca Dagger (Perfected Slivers of the Null Arca)","Perfected Null Arca Dagger (Perfected Slivers of the Null Arca)","The Maelstrom's Perfected Inferno Staff (Perfected Crushing Wall)"," ()","Cephaliarch's Flail","Pragmatic Fatecarver","Quick Cloak","Camouflaged Hunter","Banner Bearer","Flawless Dawnbreaker","Elemental Blockade","Fulminating Rune","Inspired Scholarship","Elemental Susceptibility","Banner Bearer","The Languid Eye"
"Lucent Citadel","Cavot Agnan","https://www.esologs.com/reports/VyvdT4M7BqxRZwFp#fight=32&type=summary&source=10","@rockstarrem","Clyde Oui","ass-shadow-siphon-perfected-slivers-of-the-null-arca-savage-werewolf","dps","Ass","Shadow","Siphon","Perfected Slivers of the Null Arca","Savage Werewolf","121238.5","7082.3","67.1","121238.5 DPS","","Slimecraw Guise (Slimecraw)","Perfected Null Arca Jack (Perfected Slivers of the Null Arca)","Savage Werewolf's Arm Cops (Savage Werewolf)","Perfected Null Arca Bracers (Perfected Slivers of the Null Arca)","","Perfected Null Arca Guards (Perfected Slivers of the Null Arca)","Perfected Null Arca Boots (Perfected Slivers of the Null Arca)","","Savage Werewolf's Ring (Savage Werewolf)","Shattered Paths Signet (Shattered Paths Signet)","Savage Werewolf's Dagger (Savage Werewolf)","Savage Werewolf's Dagger (Savage Werewolf)","The Maelstrom's Perfected Greatsword (Perfected Merciless Charge)"," ()","Barbed Trap","Merciless Resolve","Quick Cloak","Killer's Blade","Surprise Attack","Werewolf Berserker","Stampede","Debilitate","Carve","Shadowy Disguise","Dark Shade","Werewolf Berserker"
"Lucent Citadel","Cavot Agnan","https://www.esologs.com/reports/VyvdT4M7BqxRZwFp#fight=32&type=summary&source=4","@Glaistig_Uaine","Invicta Toxica","ass-shadow-siphon-perfected-slivers-of-the-null-arca-savage-werewolf","dps","Ass","Shadow","Siphon","Perfected Slivers of the Null Arca","Savage Werewolf","79362.4","4537.8","56.2","79362.4 DPS","","Perfected Null Arca Helmet (Perfected Slivers of the Null Arca)","Savage Werewolf's Jack (Savage Werewolf)","Slimecraw Arm Cops (Slimecraw)","Savage Werewolf's Bracers (Savage Werewolf)","","Savage Werewolf's Guards (Savage Werewolf)","Savage Werewolf's Boots (Savage Werewolf)","","Shattered Paths Signet (Shattered Paths Signet)","Perfected Null Arca Ring (Perfected Slivers of the Null Arca)","Null Arca Dagger (Slivers of the Null Arca)","Null Arca Dagger (Slivers of the Null Arca)","The Maelstrom's Inferno Staff (Crushing Wall)"," ()","Impale","Debilitate","Concealed Weapon","Shadowy Disguise","Merciless Resolve","Werewolf Berserker","Elemental Blockade","Path of Darkness","Sap Essence","Dark Shade","Caltrops","Soul Tether"
"Lucent Citadel","Cavot Agnan","https://www.esologs.com/reports/VyvdT4M7BqxRZwFp#fight=32&type=summary&source=8","@Mysthey","Mysthey","ass-shadow-siphon-perfected-slivers-of-the-null-arca-savage-werewolf","dps","Ass","Shadow","Siphon","Perfected Slivers of the Null Arca","Savage Werewolf","161678.9","12853.2","83.7","161678.9 DPS","","Zaan Guise (Zaan)","Perfected Null Arca Jack (Perfected Slivers of the Null Arca)","Savage Werewolf's Arm Cops (Savage Werewolf)","Perfected Null Arca Bracers (Perfected Slivers of the Null Arca)","","Perfected Null Arca Guards (Perfected Slivers of the Null Arca)","Perfected Null Arca Boots (Perfected Slivers of the Null Arca)","","Savage Werewolf's Ring (Savage Werewolf)","Shattered Paths Signet (Shattered Paths Signet)","Savage Werewolf's Dagger (Savage Werewolf)","Savage Werewolf's Dagger (Savage Werewolf)","The Maelstrom's Perfected Greatsword (Perfected Merciless Charge)"," ()","Surprise Attack","Relentless Focus","Shadowy Disguise","Killer's Blade","Debilitate","Werewolf Berserker","Stampede","Sundering Trample","Barbed Trap","Dark Shade","Siphoning Attacks","Soul Harvest"
"Lucent Citadel","Cavot Agnan","https://www.esologs.com/reports/VyvdT4M7BqxRZwFp#fight=32&type=summary&source=12","@Thulsa_3364","Lycaon O'Arcadia","ass-shadow-siphon-perfected-slivers-of-the-null-arca-savage-werewolf","dps","Ass","Shadow","Siphon","Savage Werewolf","Perfected Slivers of the Null Arca","77803.6","7343.5","54.6","77803.6 DPS","","Savage Werewolf's Helmet (Savage Werewolf)","Perfected Null Arca Jack (Perfected Slivers of the Null Arca)","Grundwulf Arm Cops (Grundwulf)","Perfected Null Arca Bracers (Perfected Slivers of the Null Arca)","","Perfected Null Arca Guards (Perfected Slivers of the Null Arca)","Perfected Null Arca Boots (Perfected Slivers of the Null Arca)","","Shattered Paths Signet (Shattered Paths Signet)","Savage Werewolf's Ring (Savage Werewolf)","Savage Werewolf's Dagger (Savage Werewolf)","Savage Werewolf's Dagger (Savage Werewolf)","The Maelstrom's Perfected Greatsword (Perfected Merciless Charge)"," ()","Surprise Attack","Merciless Resolve","Killer's Blade","Shadowy Disguise","Debilitate","Werewolf Berserker","Stampede","Carve","Siphoning Attacks","Dark Shade","Power Extraction","Soul Harvest"
"Lucent Citadel","Cavot Agnan","https://www.esologs.com/reports/VyvdT4M7BqxRZwFp#fight=32&type=summary&source=11","@madRedHead","Mad Cat Disease","ass-shadow-siphon-perfected-slivers-of-the-null-arca-savage-werewolf","dps","Ass","Shadow","Siphon","Savage Werewolf","Perfected Slivers of the Null Arca","196700.9","12299.8","57.0","196700.9 DPS","The Atronach","Slimecraw Guise (Slimecraw)","Savage Werewolf's Jack (Savage Werewolf)","Perfected Null Arca Arm Cops (Perfected Slivers of the Null Arca)","Savage Werewolf's Bracers (Savage Werewolf)","","Savage Werewolf's Guards (Savage Werewolf)","Savage Werewolf's Boots (Savage Werewolf)","","Shattered Paths Signet (Shattered Paths Signet)","Perfected Null Arca Ring (Perfected Slivers of the Null Arca)","Perfected Null Arca Dagger (Perfected Slivers of the Null Arca)","Perfected Null Arca Dagger (Perfected Slivers of the Null Arca)","The Maelstrom's Perfected Greatsword (Perfected Merciless Charge)"," ()","Barbed Trap","Surprise Attack","Killer's Blade","Shadowy Disguise","Relentless Focus","Werewolf Berserker","Twisting Path","Stampede","Dark Shade","Debilitate","Siphoning Attacks","Veil of Blades"
"Lucent Citadel","Cavot Agnan","https://www.esologs.com/reports/VyvdT4M7BqxRZwFp#fight=32&type=summary&source=8","@Cedrazz","Não Vou Executar","ass-shadow-siphon-perfected-slivers-of-the-null-arca-savage-werewolf","dps","Ass","Shadow","Siphon","Savage Werewolf","Perfected Slivers of the Null Arca","163951.4","7512.8","89.4","163951.4 DPS","","Slimecraw Guise (Slimecraw)","Savage Werewolf's Jack (Savage Werewolf)","Perfected Null Arca Arm Cops (Perfected Slivers of the Null Arca)","Savage Werewolf's Bracers (Savage Werewolf)","","Savage Werewolf's Guards (Savage Werewolf)","Savage Werewolf's Boots (Savage Werewolf)","","Shattered Paths Signet (Shattered Paths Signet)","Perfected Null Arca Ring (Perfected Slivers of the Null Arca)","The Master's Perfected Greatsword (Perfected Titanic Cleave)"," ()","Perfected Null Arca Dagger (Perfected Slivers of the Null Arca)","Perfected Null Arca Dagger (Perfected Slivers of the Null Arca)","Elemental Blockade","Ulfsild's Contingency","Carve","Barbed Trap","Dark Shade","Shooting Star","Surprise Attack","Debilitate","Killer's Blade","Shadowy Disguise","Relentless Focus","Werewolf Berserker"
"Lucent Citadel","Cavot Agnan","https://www.esologs.com/reports/b2kAayxvgfpFB3qm#fight=14&type=summary&source=20","@WolfAtHeart","Zakar-dro","ass-shadow-siphon-aegis-caller-perfected-slivers-of-the-null-arca","dps","Ass","Shadow","Siphon","Perfected Slivers of the Null Arca","Aegis Caller","52048.2","11185.0","34.8","52048.2 DPS","","Zaan Mask (Zaan)","Perfected Null Arca Jack (Perfected Slivers of the Null Arca)","Aegis Caller's Arm Cops (Aegis Caller)","Perfected Null Arca Bracers (Perfected Slivers of the Null Arca)","","Perfected Null Arca Guards (Perfected Slivers of the Null Arca)","Perfected Null Arca Boots (Perfected Slivers of the Null Arca)","","Aegis Caller's Ring (Aegis Caller)","Aegis Caller's Ring (Aegis Caller)","Aegis Caller's Dagger (Aegis Caller)","Aegis Caller's Dagger (Aegis Caller)","The Maelstrom's Perfected Greatsword (Perfected Merciless Charge)"," ()","Killer's Blade","Shadowy Disguise","Surprise Attack","Debilitate","Merciless Resolve","Shooting Star","Siphoning Attacks","Stampede","Carve","Barbed Trap","Dark Shade","Incapacitating Strike"
"Lucent Citadel","Cavot Agnan","https://www.esologs.com/reports/b2kAayxvgfpFB3qm#fight=14&type=summary&source=6","@ElectroSfere","Hunter Of Loners","ass-shadow-siphon-aegis-caller-perfected-slivers-of-the-null-arca","dps","Ass","Shadow","Siphon","Perfected Slivers of the Null Arca","Aegis Caller","201604.2","19855.9","79.8","201604.2 DPS","","Huntsman's Warmask (Huntsman's Warmask)","Perfected Null Arca Jack (Perfected Slivers of the Null Arca)","Grundwulf Epaulets (Grundwulf)","Perfected Null Arca Bracers (Perfected Slivers of the Null Arca)","","Perfected Null Arca Guards (Perfected Slivers of the Null Arca)","Perfected Null Arca Boots (Perfected Slivers of the Null Arca)","","Aegis Caller's Ring (Aegis Caller)","Aegis Caller's Ring (Aegis Caller)","Aegis Caller's Dagger (Aegis Caller)","Aegis Caller's Dagger (Aegis Caller)","The Maelstrom's Greatsword (Merciless Charge)"," ()","Surprise Attack","Shadowy Disguise","Relentless Focus","Killer's Blade","Debilitate","Incapacitating Strike","Stampede","Scalding Rune","Barbed Trap","Dark Shade","Quick Cloak","Shooting Star"
"Lucent Citadel","Cavot Agnan","https://www.esologs.com/reports/b2kAayxvgfpFB3qm#fight=14&type=summary&source=2","@xindong","Heartthrob jie","ass-shadow-siphon-aegis-caller-perfected-slivers-of-the-null-arca","dps","Ass","Shadow","Siphon","Aegis Caller","Perfected Slivers of the Null Arca","228483.7","21326.1","78.0","228483.7 DPS","","Huntsman's Warmask (Huntsman's Warmask)","Aegis Caller's Jack (Aegis Caller)","Slimecraw Epaulets (Slimecraw)","Aegis Caller's Bracers (Aegis Caller)","","Perfected Null Arca Guards (Perfected Slivers of the Null Arca)","Perfected Null Arca Boots (Perfected Slivers of the Null Arca)","","Perfected Null Arca Ring (Perfected Slivers of the Null Arca)","Perfected Null Arca Ring (Perfected Slivers of the Null Arca)","Aegis Caller's Dagger (Aegis Caller)","Aegis Caller's Dagger (Aegis Caller)","The Maelstrom's Perfected Greatsword (Perfected Merciless Charge)"," ()","Relentless Focus","Shadowy Disguise","Surprise Attack","Killer's Blade","Debilitate","Soul Harvest","Barbed Trap","Stampede","Carve","Dark Shade","Siphoning Attacks","Veil of Blades"
"Lucent Citadel","Cavot Agnan","https://www.esologs.com/reports/b2kAayxvgfpFB3qm#fight=14&type=summary&source=1","@ja.mes","skooma caffeine combo","ass-shadow-siphon-aegis-caller-perfected-slivers-of-the-null-arca","dps","Ass","Shadow","Siphon","Perfected Slivers of the Null Arca","Aegis Caller","256438.0","19911.0","112.2","256438.0 DPS","The Thief","Huntsman's Warmask (Huntsman's Warmask)","Perfected Null Arca Jack (Perfected Slivers of the Null Arca)","Slimecraw Epaulets (Slimecraw)","Perfected Null Arca Bracers (Perfected Slivers of the Null Arca)","","Perfected Null Arca Guards (Perfected Slivers of the Null Arca)","Perfected Null Arca Boots (Perfected Slivers of the Null Arca)","","Aegis Caller's Ring (Aegis Caller)","Aegis Caller's Ring (Aegis Caller)","Aegis Caller's Dagger (Aegis Caller)","Aegis Caller's Dagger (Aegis Caller)","The Maelstrom's Perfected Greatsword (Perfected Merciless Charge)"," ()","Killer's Blade","Surprise Attack","Debilitate","Relentless Focus","Shadowy Disguise","Incapacitating Strike","Carve","Stampede","Dark Shade","Barbed Trap","Quick Cloak","Shooting Star"
"Lucent Citadel","Cavot Agnan","https://www.esologs.com/reports/b2kAayxvgfpFB3qm#fight=14&type=summary&source=7","@TameTheGoldenOne","Skywrath Blade","ass-shadow-siphon-aegis-caller-perfected-slivers-of-the-null-arca","dps","Ass","Shadow","Siphon","Aegis Caller","Perfected Slivers of the Null Arca","230782.0","25377.2","65.9","230782.0 DPS","","Huntsman's Warmask (Huntsman's Warmask)","Aegis Caller's Jack (Aegis Caller)","Ansuul's Perfected Arm Cops (Perfected Ansuul's Torment)","Perfected Null Arca Bracers (Perfected Slivers of the Null Arca)","","Perfected Null Arca Guards (Perfected Slivers of the Null Arca)","Aegis Caller's Boots (Aegis Caller)","","Perfected Null Arca Ring (Perfected Slivers of the Null Arca)","Perfected Null Arca Ring (Perfected Slivers of the Null Arca)","Aegis Caller's Dagger (Aegis Caller)","Aegis Caller's Dagger (Aegis Caller)","The Maelstrom's Greatsword (Merciless Charge)"," ()","Killer's Blade","Debilitate","Surprise Attack","Relentless Focus","Shadowy Disguise","Incapacitating Strike","Stampede","Barbed Trap","Carve","Dark Shade","Quick Cloak","Shooting Star"
"Lucent Citadel","Cavot Agnan","https://www.esologs.com/reports/2Xn9fhmjGKcgya3t#fight=31&type=summary&source=2","@La_buba","Ay'ia","curative-soldier-x-master-architect-powerful-assault","healer","Curative","Soldier","x","Master Architect","Powerful Assault","7369.0","133155.0","48.7","133155.0 HPS","","Ozezan the Inferno's Visage (Ozezan the Inferno)","Master Architect Robe (Master Architect)","Ozezan the Inferno's Arm Cops (Ozezan the Inferno)","Master Architect Gloves (Master Architect)","","Master Architect Breeches (Master Architect)","Master Architect Shoes (Master Architect)","","Ring of the Powerful Assault (Powerful Assault)","Ring of the Powerful Assault (Powerful Assault)","Lightning Staff of the Powerful Assault (Powerful Assault)"," ()","The Master's Perfected Restoration Staff (Perfected Grand Rejuvenation)"," ()","Energy Orb","Elemental Blockade","Echoing Vigor","Elemental Susceptibility","Overflowing Altar","Resonating Glyphic","Illustrious Healing","Radiating Regeneration","Cruxweaver Armor","Combat Prayer","Tidal Chakram","Reviving Barrier"
"Lucent Citadel","Cavot Agnan","https://www.esologs.com/reports/2Xn9fhmjGKcgya3t#fight=31&type=summary&source=2","@BardonMe","Alara The Serpent-Singer","curative-soldier-x-master-architect-powerful-assault","healer","Curative","Soldier","x","Master Architect","Powerful Assault","9520.6","119590.6","52.7","119590.6 HPS","The Ritual","Ozezan the Inferno's Guise (Ozezan the Inferno)","Master Architect Robe (Master Architect)","Ozezan the Inferno's Epaulets (Ozezan the Inferno)","Master Architect Gloves (Master Architect)","","Master Architect Breeches (Master Architect)","Master Architect Shoes (Master Architect)","","Ring of the Powerful Assault (Powerful Assault)","Ring of the Powerful Assault (Powerful Assault)","Lightning Staff of the Powerful Assault (Powerful Assault)"," ()","The Master's Perfected Restoration Staff (Perfected Grand Rejuvenation)"," ()","Elemental Blockade","Cruxweaver Armor","Energy Orb","Echoing Vigor","Overflowing Altar","Glyphic of the Tides","Chakram of Destiny","Illustrious Healing","Reconstructive Domain","Radiating Regeneration","Combat Prayer","Reviving Barrier"
"Lucent Citadel","Cavot Agnan","https://www.esologs.com/reports/bzR1r24FkCvaA8B9#fight=58&type=summary&source=1","@Brangwynn","Fruity Brann Loops","curative-herald-x-war-machine-way-of-martial-knowledge","healer","Herald","Curative","x","War Machine","Way of Martial Knowledge","27577.0","130427.0","45.6","130427.0 HPS","The Atronach","Slimecraw Mask (Slimecraw)","War Machine Jack (War Machine)","War Machine Arm Cops (War Machine)","War Machine Bracers (War Machine)","","War Machine Guards (War Machine)","War Machine Boots (War Machine)","","Ring of Martial Knowledge (Way of Martial Knowledge)","Ring of Martial Knowledge (Way of Martial Knowledge)","Restoration Staff of Martial Knowledge (Way of Martial Knowledge)"," ()","The Maelstrom's Perfected Inferno Staff (Perfected Crushing Wall)"," ()","Illustrious Healing","Combat Prayer","Echoing Vigor","Energy Orb","Tidal Chakram","Reviving Barrier","Escalating Runeblades","Elemental Blockade","Tentacular Dread","Inspired Scholarship","Fulminating Rune","Resonating Glyphic"
"Lucent Citadel","Cavot Agnan","https://www.esologs.com/reports/bzR1r24FkCvaA8B9#fight=58&type=summary&source=4","@Brangwynn","Fruity Brann Loops","curative-herald-x-war-machine-way-of-martial-knowledge","healer","Herald","Curative","x","War Machine","Way of Martial Knowledge","18502.4","119934.5","55.9","119934.5 HPS","","Slimecraw Mask (Slimecraw)","War Machine Jack (War Machine)","War Machine Arm Cops (War Machine)","War Machine Bracers (War Machine)","","War Machine Guards (War Machine)","War Machine Boots (War Machine)","","Ring of Martial Knowledge (Way of Martial Knowledge)","Ring of Martial Knowledge (Way of Martial Knowledge)","Restoration Staff of Martial Knowledge (Way of Martial Knowledge)"," ()","The Maelstrom's Perfected Inferno Staff (Perfected Crushing Wall)"," ()","Illustrious Healing","Combat Prayer","Echoing Vigor","Energy Orb","Tidal Chakram","Reviving Barrier","Escalating Runeblades","Elemental Blockade","Tentacular Dread","Inspired Scholarship","Fulminating Rune","Resonating Glyphic"
"Lucent Citadel","Cavot Agnan","https://www.esologs.com/reports/qR4k13DrVcXM8ZWL#fight=44&type=summary&source=34","@Sirrom1323","It's Nightblade Job","ass-shadow-siphon-the-morag-tong-war-machine","tank","Ass","Shadow","Siphon","War Machine","The Morag Tong","88245.2","11037.3","70.4","70.4 CPM","The Thief","Huntsman's Warmask (Huntsman's Warmask)","War Machine Jack (War Machine)","Slimecraw Arm Cops (Slimecraw)","Bracers of the Morag Tong (The Morag Tong)","","War Machine Guards (War Machine)","Boots of the Morag Tong (The Morag Tong)","","War Machine Ring (War Machine)","War Machine Ring (War Machine)","Dagger of the Morag Tong (The Morag Tong)","Dagger of the Morag Tong (The Morag Tong)","The Maelstrom's Perfected Greatsword (Perfected Merciless Charge)"," ()","Debilitate","Merciless Resolve","Camouflaged Hunter","Surprise Attack","Killer's Blade","Incapacitating Strike","Barbed Trap","Dark Shade","Inner Rage","Stampede","Scalding Rune","Aggressive Horn"
"Lucent Citadel","Cavot Agnan","https://www.esologs.com/reports/qR4k13DrVcXM8ZWL#fight=44&type=summary&source=33","@MumenR1der","Gungńir","animal-green-winter-perfected-lucent-echoes-perfected-pearlescent-ward","tank","Animal","Green","Winter","Perfected Pearlescent Ward","Perfected Lucent Echoes","11032.1","23368.9","72.4","72.4 CPM","The Atronach","Chokethorn Mask (Chokethorn)","Cryptcanon Vestments (Cryptcanon Vestments)","Perfected Pearlescent Pauldrons (Perfected Pearlescent Ward)","Perfected Pearlescent Gauntlets (Perfected Pearlescent Ward)","","Perfected Pearlescent Greaves (Perfected Pearlescent Ward)","Lucent Echoes Perfected Sabatons (Perfected Lucent Echoes)","","Perfected Pearlescent Ring (Perfected Pearlescent Ward)","Perfected Pearlescent Ring (Perfected Pearlescent Ward)","Lucent Echoes Perfected Ice Staff (Perfected Lucent Echoes)"," ()","Vateshran's Perfected Axe (Perfected Void Bash)","Vateshran's Perfected Shield (Perfected Void Bash)","Inner Rage","Deep Fissure","Elemental Blockade","Budding Seeds","Elemental Susceptibility","Eternal Guardian","Power Bash","Leashing Soul","Time Freeze","Polar Wind","Expansive Frost Cloak","Eternal Guardian"
"Lucent Citadel","Orphic Shattered Shard","https://www.esologs.com/reports/VyvdT4M7BqxRZwFp#fight=18&type=summary&source=15","@WiGe06","tebzi pagnumaith","grave-herald-x-corpseburster-perfected-slivers-of-the-null-arca","dps","Grave","Herald","x","Corpseburster","Perfected Slivers of the Null Arca","177610.1","7388.3","77.3","177610.1 DPS","","Corpseburster Helmet (Corpseburster)","Perfected Null Arca Jack (Perfected Slivers of the Null Arca)","The Blind Arm Cops (The Blind)","Perfected Null Arca Bracers (Perfected Slivers of the Null Arca)","","Perfected Null Arca Guards (Perfected Slivers of the Null Arca)","Perfected Null Arca Boots (Perfected Slivers of the Null Arca)","","Corpseburster Ring (Corpseburster)","Corpseburster Ring (Corpseburster)","Corpseburster Dagger (Corpseburster)","Corpseburster Dagger (Corpseburster)","The Maelstrom's Perfected Greatsword (Perfected Merciless Charge)"," ()","Banner Bearer","Unnerving Boneyard","Blighted Blastbones","Detonating Siphon","Venom Skull","Flawless Dawnbreaker","Banner Bearer","Stampede","Carve","Barbed Trap","Skeletal Archer","Shooting Star"
"Lucent Citadel","Orphic Shattered Shard","https://www.esologs.com/reports/VyvdT4M7BqxRZwFp#fight=18&type=summary&source=16","@Drkif","ßarale","grave-herald-x-corpseburster-perfected-slivers-of-the-null-arca","dps","Grave","Herald","x","Perfected Slivers of the Null Arca","Corpseburster","76781.8","4533.2","50.6","76781.8 DPS","","Valkyn Skoria Guise (Valkyn Skoria)","Perfected Null Arca Jack (Perfected Slivers of the Null Arca)","Corpseburster Arm Cops (Corpseburster)","Perfected Null Arca Bracers (Perfected Slivers of the Null Arca)","","Perfected Null Arca Guards (Perfected Slivers of the Null Arca)","Perfected Null Arca Boots (Perfected Slivers of the Null Arca)","","Corpseburster Ring (Corpseburster)","Corpseburster Ring (Corpseburster)","Corpseburster Dagger (Corpseburster)","Corpseburster Dagger (Corpseburster)","The Maelstrom's Perfected Greatsword (Perfected Merciless Charge)"," ()","Venom Skull","Blighted Blastbones","Unnerving Boneyard","Detonating Siphon","Banner Bearer","Flawless Dawnbreaker","Skeletal Archer","Stampede","Carve","Barbed Trap","Banner Bearer","Shooting Star"
"Lucent Citadel","Orphic Shattered Shard","https://www.esologs.com/reports/VyvdT4M7BqxRZwFp#fight=18&type=summary&source=14","@JuicyJelly","Kek Cro","grave-herald-x-corpseburster-perfected-slivers-of-the-null-arca","dps","Grave","Herald","x","Perfected Slivers of the Null Arca","Corpseburster","114005.4","6515.1","64.6","114005.4 DPS","","Slimecraw Mask (Slimecraw)","Perfected Null Arca Jack (Perfected Slivers of the Null Arca)","Perfected Null Arca Arm Cops (Perfected Slivers of the Null Arca)","Perfected Null Arca Bracers (Perfected Slivers of the Null Arca)","","Perfected Null Arca Guards (Perfected Slivers of the Null Arca)","Perfected Null Arca Boots (Perfected Slivers of the Null Arca)","","Corpseburster Ring (Corpseburster)","Corpseburster Ring (Corpseburster)","Corpseburster Dagger (Corpseburster)","Corpseburster Dagger (Corpseburster)","The Maelstrom's Perfected Greatsword (Perfected Merciless Charge)"," ()","Detonating Siphon","Blighted Blastbones","Venom Skull","Unnerving Boneyard","Banner Bearer","Flawless Dawnbreaker","Stampede","Carve","Barbed Trap","Skeletal Archer","Banner Bearer","Glacial Colossus"
"Lucent Citadel","Orphic Shattered Shard","https://www.esologs.com/reports/VyvdT4M7BqxRZwFp#fight=18&type=summary&source=8","@CinisMortis","Necrocinis","grave-herald-x-corpseburster-perfected-slivers-of-the-null-arca","dps","Grave","Herald","x","Perfected Slivers of the Null Arca","Corpseburster","85608.6","3867.7","32.2","85608.6 DPS","","Slimecraw Mask (Slimecraw)","Perfected Null Arca Jack (Perfected Slivers of the Null Arca)","Corpseburster Arm Cops (Corpseburster)","Perfected Null Arca Bracers (Perfected Slivers of the Null Arca)","","Perfected Null Arca Guards (Perfected Slivers of the Null Arca)","Perfected Null Arca Boots (Perfected Slivers of the Null Arca)","","Corpseburster Ring (Corpseburster)","Shattered Paths Signet (Shattered Paths Signet)","Corpseburster Axe (Corpseburster)","Corpseburster Dagger (Corpseburster)","The Maelstrom's Perfected Greatsword (Perfected Merciless Charge)"," ()","Blighted Blastbones","Venom Skull","Detonating Siphon","Avid Boneyard","Banner Bearer","Glacial Colossus","Stampede","Carve","Skeletal Archer","Barbed Trap","Banner Bearer","Flawless Dawnbreaker"
"Lucent Citadel","Orphic Shattered Shard","https://www.esologs.com/reports/VyvdT4M7BqxRZwFp#fight=18&type=summary&source=3","@klerk88","Del'Say","grave-herald-x-corpseburster-perfected-slivers-of-the-null-arca","dps","Grave","Herald","x","Perfected Slivers of the Null Arca","Corpseburster","101861.7","5184.1","52.4","101861.7 DPS","","Slimecraw Mask (Slimecraw)","Perfected Null Arca Jack (Perfected Slivers of the Null Arca)","Perfected Null Arca Arm Cops (Perfected Slivers of the Null Arca)","Perfected Null Arca Bracers (Perfected Slivers of the Null Arca)","","Corpseburster Guards (Corpseburster)","Perfected Null Arca Boots (Perfected Slivers of the Null Arca)","","Corpseburster Ring (Corpseburster)","Corpseburster Ring (Corpseburster)","Corpseburster Dagger (Corpseburster)","Corpseburster Dagger (Corpseburster)","The Maelstrom's Perfected Greatsword (Perfected Merciless Charge)"," ()","Blighted Blastbones","Unnerving Boneyard","Detonating Siphon","Venom Skull","Banner Bearer","Glacial Colossus","Stampede","Carve","Barbed Trap","Skeletal Archer","Banner Bearer","Ice Comet"
"Lucent Citadel","Orphic Shattered Shard","https://www.esologs.com/reports/VyvdT4M7BqxRZwFp#fight=18&type=summary&source=28","@Jdog2716","Netchbone Necra","grave-herald-x-corpseburster-perfected-slivers-of-the-null-arca","dps","Grave","Herald","x","Corpseburster","Perfected Slivers of the Null Arca","138519.8","4441.4","55.9","138519.8 DPS","","Corpseburster Helmet (Corpseburster)","Perfected Null Arca Jack (Perfected Slivers of the Null Arca)","Slimecraw Epaulets (Slimecraw)","Perfected Null Arca Bracers (Perfected Slivers of the Null Arca)","","Perfected Null Arca Guards (Perfected Slivers of the Null Arca)","Perfected Null Arca Boots (Perfected Slivers of the Null Arca)","","Corpseburster Ring (Corpseburster)","Corpseburster Ring (Corpseburster)","Corpseburster Dagger (Corpseburster)","Corpseburster Dagger (Corpseburster)","The Maelstrom's Perfected Greatsword (Perfected Merciless Charge)"," ()","Blighted Blastbones","Detonating Siphon","Venom Skull","Unnerving Boneyard","Banner Bearer","Flawless Dawnbreaker","Barbed Trap","Carve","Stampede","Skeletal Archer","Banner Bearer","Shooting Star"
"Lucent Citadel","Orphic Shattered Shard","https://www.esologs.com/reports/VyvdT4M7BqxRZwFp#fight=18&type=summary&source=2","@CaliburXIII","Cal Sees Dead People","grave-herald-x-corpseburster-perfected-slivers-of-the-null-arca","dps","Grave","Herald","x","Corpseburster","Perfected Slivers of the Null Arca","179491.5","7051.8","42.4","179491.5 DPS","","Corpseburster Helmet (Corpseburster)","Perfected Null Arca Jack (Perfected Slivers of the Null Arca)","Slimecraw Arm Cops (Slimecraw)","Perfected Null Arca Bracers (Perfected Slivers of the Null Arca)","","Perfected Null Arca Guards (Perfected Slivers of the Null Arca)","Perfected Null Arca Boots (Perfected Slivers of the Null Arca)","","Corpseburster Ring (Corpseburster)","Corpseburster Ring (Corpseburster)","Corpseburster Dagger (Corpseburster)","Corpseburster Dagger (Corpseburster)","The Maelstrom's Perfected Greatsword (Perfected Merciless Charge)"," ()","Blighted Blastbones","Venom Skull","Unnerving Boneyard","Detonating Siphon","Banner Bearer","Flawless Dawnbreaker","Stampede","Barbed Trap","Carve","Skeletal Archer","Banner Bearer","Glacial Colossus"
"Lucent Citadel","Orphic Shattered Shard","https://www.esologs.com/reports/VyvdT4M7BqxRZwFp#fight=18&type=summary&source=7","@LeopardoColorido","Jimim do Dps","grave-herald-x-corpseburster-perfected-slivers-of-the-null-arca","dps","Grave","Herald","x","Perfected Slivers of the Null Arca","Corpseburster","94344.8","6267.3","29.6","94344.8 DPS","","Huntsman's Warmask (Huntsman's Warmask)","Perfected Null Arca Jack (Perfected Slivers of the Null Arca)","Slimecraw Arm Cops (Slimecraw)","Perfected Null Arca Bracers (Perfected Slivers of the Null Arca)","","Perfected Null Arca Guards (Perfected Slivers of the Null Arca)","Corpseburster Boots (Corpseburster)","","Corpseburster Ring (Corpseburster)","Corpseburster Ring (Corpseburster)","Perfected Null Arca Dagger (Perfected Slivers of the Null Arca)","Perfected Null Arca Dagger (Perfected Slivers of the Null Arca)","The Maelstrom's Perfected Greatsword (Perfected Merciless Charge)"," ()","Blighted Blastbones","Venom Skull","Avid Boneyard","Detonating Siphon","Banner Bearer","Flawless Dawnbreaker","Stampede","Barbed Trap","Carve","Skeletal Arcanist","Banner Bearer","Shooting Star"
"Lucent Citadel","Orphic Shattered Shard","https://www.esologs.com/reports/VyvdT4M7BqxRZwFp#fight=18&type=summary&source=42","@Im5HEAD","The Dark In Me","grave-herald-x-corpseburster-perfected-slivers-of-the-null-arca","dps","Grave","Herald","x","Perfected Slivers of the Null Arca","Corpseburster","193112.0","4788.2","57.6","193112.0 DPS","","Perfected Null Arca Helmet (Perfected Slivers of the Null Arca)","Perfected Null Arca Jack (Perfected Slivers of the Null Arca)","The Blind Arm Cops (The Blind)","Perfected Null Arca Bracers (Perfected Slivers of the Null Arca)","","Perfected Null Arca Guards (Perfected Slivers of the Null Arca)","Corpseburster Boots (Corpseburster)","","Corpseburster Ring (Corpseburster)","Corpseburster Ring (Corpseburster)","Corpseburster Dagger (Corpseburster)","Corpseburster Dagger (Corpseburster)","The Maelstrom's Perfected Greatsword (Perfected Merciless Charge)"," ()","Blighted Blastbones","Unnerving Boneyard","Venom Skull","Banner Bearer","Detonating Siphon","Flawless Dawnbreaker","Stampede","Carve","Anti-Cavalry Caltrops","Banner Bearer","Skeletal Archer","Shooting Star"
"Lucent Citadel","Orphic Shattered Shard","https://www.esologs.com/reports/VyvdT4M7BqxRZwFp#fight=18&type=summary&source=35","@Enni12399","Karthus Passive is my Ult","grave-herald-x-corpseburster-perfected-slivers-of-the-null-arca","dps","Grave","Herald","x","Corpseburster","Perfected Slivers of the Null Arca","145553.5","4192.7","48.3","145553.5 DPS","","Corpseburster Helmet (Corpseburster)","Perfected Null Arca Jack (Perfected Slivers of the Null Arca)","Slimecraw Epaulets (Slimecraw)","Perfected Null Arca Bracers (Perfected Slivers of the Null Arca)","","Perfected Null Arca Guards (Perfected Slivers of the Null Arca)","Perfected Null Arca Boots (Perfected Slivers of the Null Arca)","","Corpseburster Ring (Corpseburster)","Corpseburster Ring (Corpseburster)","Corpseburster Dagger (Corpseburster)","Corpseburster Dagger (Corpseburster)","The Maelstrom's Perfected Greatsword (Perfected Merciless Charge)"," ()","Venom Skull","Blighted Blastbones","Detonating Siphon","Unnerving Boneyard","Banner Bearer","Glacial Colossus","Barbed Trap","Carve","Stampede","Skeletal Archer","Banner Bearer","Glacial Colossus"
"Lucent Citadel","Orphic Shattered Shard","https://www.esologs.com/reports/VyvdT4M7BqxRZwFp#fight=18&type=summary&source=4","@stefishim","stef guy","grave-herald-x-corpseburster-perfected-slivers-of-the-null-arca","dps","Grave","Herald","x","Perfected Slivers of the Null Arca","Corpseburster","138759.1","2260.8","56.9","138759.1 DPS","","Huntsman's Warmask (Huntsman's Warmask)","Perfected Null Arca Jack (Perfected Slivers of the Null Arca)","Zaan Arm Cops (Zaan)","Perfected Null Arca Bracers (Perfected Slivers of the Null Arca)","","Perfected Null Arca Guards (Perfected Slivers of the Null Arca)","Perfected Null Arca Boots (Perfected Slivers of the Null Arca)","","Corpseburster Ring (Corpseburster)","Corpseburster Ring (Corpseburster)","Corpseburster Dagger (Corpseburster)","Corpseburster Dagger (Corpseburster)","The Maelstrom's Greatsword (Merciless Charge)"," ()","Avid Boneyard","Blighted Blastbones","Detonating Siphon","Venom Skull","Banner Bearer","Flawless Dawnbreaker","Skeletal Archer","Barbed Trap","Stampede","Carve","Banner Bearer","Shooting Star"
"Lucent Citadel","Orphic Shattered Shard","https://www.esologs.com/reports/VyvdT4M7BqxRZwFp#fight=18&type=summary&source=13","@xpxJp1875","Corpse Bride's Terror","grave-herald-x-corpseburster-perfected-slivers-of-the-null-arca","dps","Grave","Herald","x","Perfected Slivers of the Null Arca","Corpseburster","164719.6","11353.4","91.0","164719.6 DPS","","Perfected Null Arca Helmet (Perfected Slivers of the Null Arca)","Corpseburster Jack (Corpseburster)","Zaan Arm Cops (Zaan)","Corpseburster Bracers (Corpseburster)","","Corpseburster Guards (Corpseburster)","Perfected Null Arca Boots (Perfected Slivers of the Null Arca)","","Perfected Null Arca Ring (Perfected Slivers of the Null Arca)","Perfected Null Arca Ring (Perfected Slivers of the Null Arca)","Corpseburster Dagger (Corpseburster)","Corpseburster Dagger (Corpseburster)","The Maelstrom's Perfected Greatsword (Perfected Merciless Charge)"," ()","Shattering Knife","Blighted Blastbones","Quick Cloak","Detonating Siphon","Banner Bearer","Flawless Dawnbreaker","Stampede","Unnerving Boneyard","Ulfsild's Contingency","Carve","Banner Bearer","Pestilent Colossus"
"Lucent Citadel","Orphic Shattered Shard","https://www.esologs.com/reports/VyvdT4M7BqxRZwFp#fight=18&type=summary&source=16","@Athic","Sadryn Aran","grave-herald-x-corpseburster-perfected-slivers-of-the-null-arca","dps","Grave","Herald","x","Perfected Slivers of the Null Arca","Corpseburster","161085.9","7733.2","66.0","161085.9 DPS","","Slimecraw Mask (Slimecraw)","Perfected Null Arca Jack (Perfected Slivers of the Null Arca)","Corpseburster Arm Cops (Corpseburster)","Perfected Null Arca Bracers (Perfected Slivers of the Null Arca)","","Perfected Null Arca Guards (Perfected Slivers of the Null Arca)","Perfected Null Arca Boots (Perfected Slivers of the Null Arca)","","Shattered Paths Signet (Shattered Paths Signet)","Corpseburster Ring (Corpseburster)","Corpseburster Dagger (Corpseburster)","Corpseburster Dagger (Corpseburster)","The Maelstrom's Perfected Greatsword (Perfected Merciless Charge)"," ()","Venom Skull","Detonating Siphon","Unnerving Boneyard","Blighted Blastbones","Banner Bearer","Flawless Dawnbreaker","Skeletal Archer","Carve","Barbed Trap","Stampede","Banner Bearer","Shooting Star"
"Lucent Citadel","Orphic Shattered Shard","https://www.esologs.com/reports/VyvdT4M7BqxRZwFp#fight=18&type=summary&source=1","@JC34567","Alastai Fyebrand","grave-herald-x-corpseburster-perfected-slivers-of-the-null-arca","dps","Grave","Herald","x","Perfected Slivers of the Null Arca","Corpseburster","125282.6","6140.8","47.4","125282.6 DPS","","Slimecraw Guise (Slimecraw)","Perfected Null Arca Jack (Perfected Slivers of the Null Arca)","Corpseburster Arm Cops (Corpseburster)","Perfected Null Arca Bracers (Perfected Slivers of the Null Arca)","","Perfected Null Arca Guards (Perfected Slivers of the Null Arca)","Perfected Null Arca Boots (Perfected Slivers of the Null Arca)","","Corpseburster Ring (Corpseburster)","Corpseburster Ring (Corpseburster)","Corpseburster Dagger (Corpseburster)","Corpseburster Axe (Corpseburster)","The Maelstrom's Perfected Greatsword (Perfected Merciless Charge)"," ()","Detonating Siphon","Blighted Blastbones","Unnerving Boneyard","Venom Skull","Banner Bearer","Glacial Colossus","Stampede","Carve","Skeletal Archer","Ulfsild's Contingency","Banner Bearer","Glacial Colossus"
"Lucent Citadel","Orphic Shattered Shard","https://www.esologs.com/reports/k9wb3RVGmJD2Xfp7#fight=17&type=summary&source=2","@goalpost02","Apocrypha Meow","herald-x-x-perfected-slivers-of-the-null-arca-spattering-disjunction","dps","Herald","x","x","Spattering Disjunction","Perfected Slivers of the Null Arca","134622.7","2844.4","28.4","134622.7 DPS","","Slimecraw Guise (Slimecraw)","Spattering Disjunction Jack (Spattering Disjunction)","Spattering Disjunction Arm Cops (Spattering Disjunction)","Perfected Null Arca Bracers (Perfected Slivers of the Null Arca)","","Perfected Null Arca Guards (Perfected Slivers of the Null Arca)","Perfected Null Arca Boots (Perfected Slivers of the Null Arca)","","Perfected Null Arca Ring (Perfected Slivers of the Null Arca)","Perfected Null Arca Ring (Perfected Slivers of the Null Arca)","Spattering Disjunction Dagger (Spattering Disjunction)","Spattering Disjunction Dagger (Spattering Disjunction)","The Maelstrom's Perfected Inferno Staff (Perfected Crushing Wall)"," ()","Barbed Trap","Quick Cloak","Pragmatic Fatecarver","Cephaliarch's Flail","Camouflaged Hunter","Flawless Dawnbreaker","Inspired Scholarship","Resolving Vigor","Elemental Blockade","Fulminating Rune","Camouflaged Hunter","The Languid Eye"
"Lucent Citadel","Orphic Shattered Shard","https://www.esologs.com/reports/k9wb3RVGmJD2Xfp7#fight=17&type=summary&source=14","@Vayla_Zvat","Elýsía","herald-x-x-perfected-slivers-of-the-null-arca-spattering-disjunction","dps","Herald","x","x","Spattering Disjunction","Perfected Slivers of the Null Arca","120978.8","17546.6","26.6","120978.8 DPS","","Slimecraw Guise (Slimecraw)","Spattering Disjunction Jack (Spattering Disjunction)","Perfected Null Arca Arm Cops (Perfected Slivers of the Null Arca)","Spattering Disjunction Bracers (Spattering Disjunction)","","Spattering Disjunction Guards (Spattering Disjunction)","Spattering Disjunction Boots (Spattering Disjunction)","","Perfected Null Arca Ring (Perfected Slivers of the Null Arca)","Perfected Null Arca Ring (Perfected Slivers of the Null Arca)","Perfected Null Arca Dagger (Perfected Slivers of the Null Arca)","Perfected Null Arca Dagger (Perfected Slivers of the Null Arca)","The Maelstrom's Perfected Inferno Staff (Perfected Crushing Wall)"," ()","Pragmatic Fatecarver","Quick Cloak","Cephaliarch's Flail","Barbed Trap","Camouflaged Hunter","Flawless Dawnbreaker","Elemental Blockade","Echoing Vigor","Fulminating Rune","Camouflaged Hunter","Inspired Scholarship","The Languid Eye"
"Lucent Citadel","Orphic Shattered Shard","https://www.esologs.com/reports/k9wb3RVGmJD2Xfp7#fight=17&type=summary&source=16","@TheInsaneEngineer","Luris Malonam","herald-x-x-perfected-slivers-of-the-null-arca-spattering-disjunction","dps","Herald","x","x","Spattering Disjunction","Perfected Slivers of the Null Arca","143275.5","4760.6","37.5","143275.5 DPS","The Thief","Huntsman's Warmask (Huntsman's Warmask)","Spattering Disjunction Jack (Spattering Disjunction)","Slimecraw Epaulets (Slimecraw)","Spattering Disjunction Bracers (Spattering Disjunction)","","Spattering Disjunction Guards (Spattering Disjunction)","Spattering Disjunction Boots (Spattering Disjunction)","","Perfected Null Arca Ring (Perfected Slivers of the Null Arca)","Perfected Null Arca Ring (Perfected Slivers of the Null Arca)","Perfected Null Arca Dagger (Perfected Slivers of the Null Arca)","Perfected Null Arca Dagger (Perfected Slivers of the Null Arca)","The Maelstrom's Perfected Inferno Staff (Perfected Crushing Wall)"," ()","Pragmatic Fatecarver","Cephaliarch's Flail","Quick Cloak","Barbed Trap","Banner Bearer","Flawless Dawnbreaker","Elemental Blockade","Ring of Preservation","Inspired Scholarship","Fulminating Rune","Banner Bearer","The Languid Eye"
"Lucent Citadel","Orphic Shattered Shard","https://www.esologs.com/reports/k9wb3RVGmJD2Xfp7#fight=17&type=summary&source=4","@Linx26","Erîs","herald-x-x-perfected-slivers-of-the-null-arca-spattering-disjunction","dps","Herald","x","x","Spattering Disjunction","Perfected Slivers of the Null Arca","84880.6","5166.5","25.6","84880.6 DPS","","Slimecraw Guise (Slimecraw)","Spattering Disjunction Jack (Spattering Disjunction)","Perfected Null Arca Arm Cops (Perfected Slivers of the Null Arca)","Spattering Disjunction Bracers (Spattering Disjunction)","","Spattering Disjunction Guards (Spattering Disjunction)","Spattering Disjunction Boots (Spattering Disjunction)","","Perfected Null Arca Ring (Perfected Slivers of the Null Arca)","Perfected Null Arca Ring (Perfected Slivers of the Null Arca)","Perfected Null Arca Dagger (Perfected Slivers of the Null Arca)","Perfected Null Arca Dagger (Perfected Slivers of the Null Arca)","The Maelstrom's Perfected Greatsword (Perfected Merciless Charge)"," ()","Quick Cloak","Cephaliarch's Flail","Pragmatic Fatecarver","Barbed Trap","Banner Bearer","Flawless Dawnbreaker","Resolving Vigor","Stampede","Inspired Scholarship","Fulminating Rune","Banner Bearer","The Languid Eye"
"Lucent Citadel","Orphic Shattered Shard","https://www.esologs.com/reports/k9wb3RVGmJD2Xfp7#fight=17&type=summary&source=9","@zsvan","Prism Sensors Stable","herald-x-x-perfected-slivers-of-the-null-arca-spattering-disjunction","dps","Herald","x","x","Spattering Disjunction","Perfected Slivers of the Null Arca","82178.4","6990.6","23.8","82178.4 DPS","","Nerien'eth Visage (Nerien'eth)","Spattering Disjunction Jack (Spattering Disjunction)","Nerien'eth Epaulets (Nerien'eth)","Spattering Disjunction Bracers (Spattering Disjunction)","","Spattering Disjunction Guards (Spattering Disjunction)","Spattering Disjunction Boots (Spattering Disjunction)","","Perfected Null Arca Ring (Perfected Slivers of the Null Arca)","Perfected Null Arca Ring (Perfected Slivers of the Null Arca)","Perfected Null Arca Dagger (Perfected Slivers of the Null Arca)","Perfected Null Arca Dagger (Perfected Slivers of the Null Arca)","The Maelstrom's Perfected Greatsword (Perfected Merciless Charge)"," ()","Cephaliarch's Flail","Pragmatic Fatecarver","Quick Cloak","Echoing Vigor","Camouflaged Hunter","Flawless Dawnbreaker","Stampede","Fulminating Rune","Inspired Scholarship","Barbed Trap","Ulfsild's Contingency","The Languid Eye"
"Lucent Citadel","Orphic Shattered Shard","https://www.esologs.com/reports/k9wb3RVGmJD2Xfp7#fight=17&type=summary&source=15","@Hakunamatatur","hakunamatatur","herald-x-x-perfected-slivers-of-the-null-arca-spattering-disjunction","dps","Herald","x","x","Spattering Disjunction","Perfected Slivers of the Null Arca","102291.5","6712.3","32.9","102291.5 DPS","","Slimecraw Mask (Slimecraw)","Spattering Disjunction Jack (Spattering Disjunction)","Perfected Null Arca Arm Cops (Perfected Slivers of the Null Arca)","Spattering Disjunction Bracers (Spattering Disjunction)","","Spattering Disjunction Guards (Spattering Disjunction)","Spattering Disjunction Boots (Spattering Disjunction)","","Shattered Paths Signet (Shattered Paths Signet)","Perfected Null Arca Ring (Perfected Slivers of the Null Arca)","Perfected Null Arca Dagger (Perfected Slivers of the Null Arca)","Perfected Null Arca Dagger (Perfected Slivers of the Null Arca)","The Maelstrom's Perfected Lightning Staff (Perfected Crushing Wall)"," ()","Banner Bearer","Camouflaged Hunter","Quick Cloak","Cephaliarch's Flail","Pragmatic Fatecarver","Flawless Dawnbreaker","Banner Bearer","Fulminating Rune","Elemental Susceptibility","Inspired Scholarship","Unstable Wall of Elements","The Languid Eye"
"Lucent Citadel","Orphic Shattered Shard","https://www.esologs.com/reports/k9wb3RVGmJD2Xfp7#fight=17&type=summary&source=6","@Thimblewearer","Jade Beamweaver","herald-x-x-perfected-slivers-of-the-null-arca-spattering-disjunction","dps","Herald","x","x","Perfected Slivers of the Null Arca","Spattering Disjunction","60655.8","5019.6","27.7","60655.8 DPS","","Zaan Mask (Zaan)","Perfected Null Arca Jack (Perfected Slivers of the Null Arca)","Spattering Disjunction Arm Cops (Spattering Disjunction)","Spattering Disjunction Bracers (Spattering Disjunction)","","Perfected Null Arca Guards (Perfected Slivers of the Null Arca)","Perfected Null Arca Boots (Perfected Slivers of the Null Arca)","","Spattering Disjunction Ring (Spattering Disjunction)","Spattering Disjunction Ring (Spattering Disjunction)","Perfected Null Arca Dagger (Perfected Slivers of the Null Arca)","Perfected Null Arca Dagger (Perfected Slivers of the Null Arca)","The Maelstrom's Perfected Inferno Staff (Perfected Crushing Wall)"," ()","Cephaliarch's Flail","Pragmatic Fatecarver","Quick Cloak","Camouflaged Hunter","Banner Bearer","Flawless Dawnbreaker","Elemental Blockade","Fulminating Rune","Inspired Scholarship","Resolving Vigor","Banner Bearer","The Languid Eye"
"Lucent Citadel","Orphic Shattered Shard","https://www.esologs.com/reports/k9wb3RVGmJD2Xfp7#fight=17&type=summary&source=3","@Sylvalynn19","Arcs-and-Recreation","herald-x-x-perfected-slivers-of-the-null-arca-spattering-disjunction","dps","Herald","x","x","Spattering Disjunction","Perfected Slivers of the Null Arca","83004.5","6558.0","22.5","83004.5 DPS","","Zaan Mask (Zaan)","Spattering Disjunction Jack (Spattering Disjunction)","Perfected Null Arca Arm Cops (Perfected Slivers of the Null Arca)","Spattering Disjunction Bracers (Spattering Disjunction)","","Spattering Disjunction Guards (Spattering Disjunction)","Spattering Disjunction Boots (Spattering Disjunction)","","Perfected Null Arca Ring (Perfected Slivers of the Null Arca)","Perfected Null Arca Ring (Perfected Slivers of the Null Arca)","Perfected Null Arca Dagger (Perfected Slivers of the Null Arca)","Perfected Null Arca Dagger (Perfected Slivers of the Null Arca)","The Maelstrom's Perfected Inferno Staff (Perfected Crushing Wall)"," ()","Banner Bearer","Camouflaged Hunter","Quick Cloak","Pragmatic Fatecarver","Cephaliarch's Flail","Flawless Dawnbreaker","Banner Bearer","Resolving Vigor","Fulminating Rune","Elemental Blockade","Recuperative Treatise","The Languid Eye"
"Lucent Citadel","Orphic Shattered Shard","https://www.esologs.com/reports/VyvdT4M7BqxRZwFp#fight=18&type=summary&source=10","@rockstarrem","Clyde Oui","ass-shadow-siphon-perfected-slivers-of-the-null-arca-savage-werewolf","dps","Ass","Shadow","Siphon","Perfected Slivers of the Null Arca","Savage Werewolf","105317.1","6250.1","56.9","105317.1 DPS","","Slimecraw Guise (Slimecraw)","Perfected Null Arca Jack (Perfected Slivers of the Null Arca)","Savage Werewolf's Arm Cops (Savage Werewolf)","Perfected Null Arca Bracers (Perfected Slivers of the Null Arca)","","Perfected Null Arca Guards (Perfected Slivers of the Null Arca)","Perfected Null Arca Boots (Perfected Slivers of the Null Arca)","","Savage Werewolf's Ring (Savage Werewolf)","Shattered Paths Signet (Shattered Paths Signet)","Savage Werewolf's Dagger (Savage Werewolf)","Savage Werewolf's Dagger (Savage Werewolf)","The Maelstrom's Perfected Greatsword (Perfected Merciless Charge)"," ()","Barbed Trap","Merciless Resolve","Quick Cloak","Killer's Blade","Surprise Attack","Werewolf Berserker","Stampede","Debilitate","Carve","Shadowy Disguise","Dark Shade","Werewolf Berserker"
"Lucent Citadel","Orphic Shattered Shard","https://www.esologs.com/reports/VyvdT4M7BqxRZwFp#fight=18&type=summary&source=4","@Glaistig_Uaine","Invicta Toxica","ass-shadow-siphon-perfected-slivers-of-the-null-arca-savage-werewolf","dps","Ass","Shadow","Siphon","Perfected Slivers of the Null Arca","Savage Werewolf","103156.6","3055.3","62.1","103156.6 DPS","","Perfected Null Arca Helmet (Perfected Slivers of the Null Arca)","Savage Werewolf's Jack (Savage Werewolf)","Slimecraw Arm Cops (Slimecraw)","Savage Werewolf's Bracers (Savage Werewolf)","","Savage Werewolf's Guards (Savage Werewolf)","Savage Werewolf's Boots (Savage Werewolf)","","Shattered Paths Signet (Shattered Paths Signet)","Perfected Null Arca Ring (Perfected Slivers of the Null Arca)","Null Arca Dagger (Slivers of the Null Arca)","Null Arca Dagger (Slivers of the Null Arca)","The Maelstrom's Inferno Staff (Crushing Wall)"," ()","Impale","Debilitate","Concealed Weapon","Shadowy Disguise","Merciless Resolve","Werewolf Berserker","Elemental Blockade","Path of Darkness","Sap Essence","Dark Shade","Caltrops","Soul Tether"
"Lucent Citadel","Orphic Shattered Shard","https://www.esologs.com/reports/VyvdT4M7BqxRZwFp#fight=18&type=summary&source=8","@Mysthey","Mysthey","ass-shadow-siphon-perfected-slivers-of-the-null-arca-savage-werewolf","dps","Ass","Shadow","Siphon","Perfected Slivers of the Null Arca","Savage Werewolf","137428.9","10329.1","82.6","137428.9 DPS","","Zaan Guise (Zaan)","Perfected Null Arca Jack (Perfected Slivers of the Null Arca)","Savage Werewolf's Arm Cops (Savage Werewolf)","Perfected Null Arca Bracers (Perfected Slivers of the Null Arca)","","Perfected Null Arca Guards (Perfected Slivers of the Null Arca)","Perfected Null Arca Boots (Perfected Slivers of the Null Arca)","","Savage Werewolf's Ring (Savage Werewolf)","Shattered Paths Signet (Shattered Paths Signet)","Savage Werewolf's Dagger (Savage Werewolf)","Savage Werewolf's Dagger (Savage Werewolf)","The Maelstrom's Perfected Greatsword (Perfected Merciless Charge)"," ()","Surprise Attack","Relentless Focus","Shadowy Disguise","Killer's Blade","Debilitate","Werewolf Berserker","Stampede","Sundering Trample","Barbed Trap","Dark Shade","Siphoning Attacks","Soul Harvest"
"Lucent Citadel","Orphic Shattered Shard","https://www.esologs.com/reports/VyvdT4M7BqxRZwFp#fight=18&type=summary&source=11","@madRedHead","Mad Cat Disease","ass-shadow-siphon-perfected-slivers-of-the-null-arca-savage-werewolf","dps","Ass","Shadow","Siphon","Savage Werewolf","Perfected Slivers of the Null Arca","129365.2","5299.4","61.6","129365.2 DPS","","Slimecraw Guise (Slimecraw)","Savage Werewolf's Jack (Savage Werewolf)","Perfected Null Arca Arm Cops (Perfected Slivers of the Null Arca)","Savage Werewolf's Bracers (Savage Werewolf)","","Savage Werewolf's Guards (Savage Werewolf)","Savage Werewolf's Boots (Savage Werewolf)","","Shattered Paths Signet (Shattered Paths Signet)","Perfected Null Arca Ring (Perfected Slivers of the Null Arca)","Perfected Null Arca Dagger (Perfected Slivers of the Null Arca)","Perfected Null Arca Dagger (Perfected Slivers of the Null Arca)","The Maelstrom's Perfected Greatsword (Perfected Merciless Charge)"," ()","Barbed Trap","Surprise Attack","Killer's Blade","Shadowy Disguise","Relentless Focus","Werewolf Berserker","Twisting Path","Stampede","Dark Shade","Debilitate","Siphoning Attacks","Veil of Blades"
"Lucent Citadel","Orphic Shattered Shard","https://www.esologs.com/reports/VyvdT4M7BqxRZwFp#fight=18&type=summary&source=8","@Cedrazz","Não Vou Executar","ass-shadow-siphon-perfected-slivers-of-the-null-arca-savage-werewolf","dps","Ass","Shadow","Siphon","Savage Werewolf","Perfected Slivers of the Null Arca","155513.0","5855.7","86.1","155513.0 DPS","","Slimecraw Guise (Slimecraw)","Savage Werewolf's Jack (Savage Werewolf)","Perfected Null Arca Arm Cops (Perfected Slivers of the Null Arca)","Savage Werewolf's Bracers (Savage Werewolf)","","Savage Werewolf's Guards (Savage Werewolf)","Savage Werewolf's Boots (Savage Werewolf)","","Shattered Paths Signet (Shattered Paths Signet)","Perfected Null Arca Ring (Perfected Slivers of the Null Arca)","The Master's Perfected Greatsword (Perfected Titanic Cleave)"," ()","Perfected Null Arca Dagger (Perfected Slivers of the Null Arca)","Perfected Null Arca Dagger (Perfected Slivers of the Null Arca)","Elemental Blockade","Ulfsild's Contingency","Carve","Barbed Trap","Dark Shade","Shooting Star","Surprise Attack","Debilitate","Killer's Blade","Shadowy Disguise","Relentless Focus","Werewolf Berserker"
"Lucent Citadel","Orphic Shattered Shard","https://www.esologs.com/reports/VyvdT4M7BqxRZwFp#fight=18&type=summary&source=2","@xindong","Heartthrob jie","ass-shadow-siphon-perfected-slivers-of-the-null-arca-savage-werewolf","dps","Ass","Shadow","Siphon","Perfected Slivers of the Null Arca","Savage Werewolf","169469.5","10173.8","87.0","169469.5 DPS","","Perfected Null Arca Helmet (Perfected Slivers of the Null Arca)","Perfected Null Arca Jack (Perfected Slivers of the Null Arca)","Slimecraw Epaulets (Slimecraw)","Savage Werewolf's Bracers (Savage Werewolf)","","Perfected Null Arca Guards (Perfected Slivers of the Null Arca)","Savage Werewolf's Boots (Savage Werewolf)","","Savage Werewolf's Ring (Savage Werewolf)","Shattered Paths Signet (Shattered Paths Signet)","Perfected Null Arca Dagger (Perfected Slivers of the Null Arca)","Perfected Null Arca Dagger (Perfected Slivers of the Null Arca)","The Maelstrom's Perfected Greatsword (Perfected Merciless Charge)"," ()","Relentless Focus","Shadowy Disguise","Surprise Attack","Killer's Blade","Debilitate","Werewolf Berserker","Barbed Trap","Stampede","Carve","Dark Shade","Siphoning Attacks","Veil of Blades"
"Lucent Citadel","Orphic Shattered Shard","https://www.esologs.com/reports/VyvdT4M7BqxRZwFp#fight=18&type=summary&source=9","@Smick_94","Nela Beda","grave-x-x-corpseburster-perfected-slivers-of-the-null-arca","dps","Grave","x","x","Perfected Slivers of the Null Arca","Corpseburster","132005.1","4159.3","51.2","132005.1 DPS","","Slimecraw Mask (Slimecraw)","Perfected Null Arca Jack (Perfected Slivers of the Null Arca)","Corpseburster Arm Cops (Corpseburster)","Perfected Null Arca Bracers (Perfected Slivers of the Null Arca)","","Perfected Null Arca Guards (Perfected Slivers of the Null Arca)","Perfected Null Arca Boots (Perfected Slivers of the Null Arca)","","Corpseburster Ring (Corpseburster)","Corpseburster Ring (Corpseburster)","Corpseburster Dagger (Corpseburster)","Corpseburster Dagger (Corpseburster)","The Maelstrom's Perfected Greatsword (Perfected Merciless Charge)"," ()","Blighted Blastbones","Venom Skull","Unnerving Boneyard","Detonating Siphon","Banner Bearer","Flawless Dawnbreaker","Stampede","Anti-Cavalry Caltrops","Barbed Trap","Skeletal Archer","Banner Bearer","Shooting Star"
"Lucent Citadel","Orphic Shattered Shard","https://www.esologs.com/reports/VyvdT4M7BqxRZwFp#fight=18&type=summary&source=1","@sagitta14","Marena Nox","grave-x-x-corpseburster-perfected-slivers-of-the-null-arca","dps","Grave","x","x","Perfected Slivers of the Null Arca","Corpseburster","73347.1","4426.0","23.9","73347.1 DPS","","Slimecraw Mask (Slimecraw)","Perfected Null Arca Jack (Perfected Slivers of the Null Arca)","Corpseburster Arm Cops (Corpseburster)","Perfected Null Arca Bracers (Perfected Slivers of the Null Arca)","","Perfected Null Arca Guards (Perfected Slivers of the Null Arca)","Perfected Null Arca Boots (Perfected Slivers of the Null Arca)","","Corpseburster Ring (Corpseburster)","Corpseburster Ring (Corpseburster)","Corpseburster Dagger (Corpseburster)","Corpseburster Dagger (Corpseburster)","The Maelstrom's Perfected Greatsword (Perfected Merciless Charge)"," ()","Unnerving Boneyard","Venom Skull","Detonating Siphon","Banner Bearer","Blighted Blastbones","Glacial Colossus","Anti-Cavalry Caltrops","Stampede","Ulfsild's Contingency","Banner Bearer","Skeletal Archer","Shooting Star"
"Lucent Citadel","Orphic Shattered Shard","https://www.esologs.com/reports/VyvdT4M7BqxRZwFp#fight=18&type=summary&source=4","@Jaegeron","Gurslag Soul-Corruptor","grave-x-x-corpseburster-perfected-slivers-of-the-null-arca","dps","Grave","x","x","Corpseburster","Perfected Slivers of the Null Arca","154477.9","8157.1","76.0","154477.9 DPS","","Corpseburster Helmet (Corpseburster)","Perfected Null Arca Jack (Perfected Slivers of the Null Arca)","Slimecraw Arm Cops (Slimecraw)","Perfected Null Arca Bracers (Perfected Slivers of the Null Arca)","","Perfected Null Arca Guards (Perfected Slivers of the Null Arca)","Perfected Null Arca Boots (Perfected Slivers of the Null Arca)","","Corpseburster Ring (Corpseburster)","Corpseburster Ring (Corpseburster)","Corpseburster Dagger (Corpseburster)","Corpseburster Dagger (Corpseburster)","The Maelstrom's Perfected Greatsword (Perfected Merciless Charge)"," ()","Venom Skull","Avid Boneyard","Blighted Blastbones","Detonating Siphon","Banner Bearer","Flawless Dawnbreaker","Resolving Vigor","Ulfsild's Contingency","Stampede","Skeletal Archer","Banner Bearer","Glacial Colossus"
"Lucent Citadel","Orphic Shattered Shard","https://www.esologs.com/reports/VyvdT4M7BqxRZwFp#fight=18&type=summary&source=9","@DEINFRA","Nekronysia","grave-x-x-corpseburster-perfected-slivers-of-the-null-arca","dps","Grave","x","x","Perfected Slivers of the Null Arca","Corpseburster","199663.6","1389.1","55.1","199663.6 DPS","The Thief","Perfected Null Arca Helmet (Perfected Slivers of the Null Arca)","Perfected Null Arca Jack (Perfected Slivers of the Null Arca)","Slimecraw Arm Cops (Slimecraw)","Corpseburster Bracers (Corpseburster)","","Perfected Null Arca Guards (Perfected Slivers of the Null Arca)","Perfected Null Arca Boots (Perfected Slivers of the Null Arca)","","Corpseburster Ring (Corpseburster)","Corpseburster Ring (Corpseburster)","Corpseburster Dagger (Corpseburster)","Corpseburster Dagger (Corpseburster)","The Maelstrom's Greatsword (Merciless Charge)"," ()","Venom Skull","Blighted Blastbones","Detonating Siphon","Unnerving Boneyard","Banner Bearer","Flawless Dawnbreaker","Stampede","Anti-Cavalry Caltrops","Barbed Trap","Skeletal Arcanist","Banner Bearer","Shooting Star"
"Lucent Citadel","Orphic Shattered Shard","https://www.esologs.com/reports/VyvdT4M7BqxRZwFp#fight=18&type=summary&source=5","@Cixa","Cixa Nostus","grave-x-x-corpseburster-perfected-slivers-of-the-null-arca","dps","Grave","x","x","Perfected Slivers of the Null Arca","Corpseburster","162177.7","952.6","45.1","162177.7 DPS","","Perfected Null Arca Helmet (Perfected Slivers of the Null Arca)","Perfected Null Arca Jack (Perfected Slivers of the Null Arca)","Slimecraw Arm Cops (Slimecraw)","Perfected Null Arca Bracers (Perfected Slivers of the Null Arca)","","Perfected Null Arca Guards (Perfected Slivers of the Null Arca)","Perfected Null Arca Boots (Perfected Slivers of the Null Arca)","","Corpseburster Ring (Corpseburster)","Corpseburster Ring (Corpseburster)","Corpseburster Dagger (Corpseburster)","Corpseburster Dagger (Corpseburster)","The Maelstrom's Perfected Greatsword (Perfected Merciless Charge)"," ()","Blighted Blastbones","Detonating Siphon","Venom Skull","Unnerving Boneyard","Banner Bearer","Flawless Dawnbreaker","Barbed Trap","Skeletal Arcanist","Stampede","Anti-Cavalry Caltrops","Banner Bearer","Ice Comet"
"Lucent Citadel","Orphic Shattered Shard","https://www.esologs.com/reports/VyvdT4M7BqxRZwFp#fight=18&type=summary&source=4","@DonMattios17895","Boneyard of Broken Dreams","grave-x-x-corpseburster-perfected-slivers-of-the-null-arca","dps","Grave","x","x","Perfected Slivers of the Null Arca","Corpseburster","189317.1","3624.5","74.7","189317.1 DPS","","The Blind Mask (The Blind)","Perfected Null Arca Jack (Perfected Slivers of the Null Arca)","Corpseburster Arm Cops (Corpseburster)","Perfected Null Arca Bracers (Perfected Slivers of the Null Arca)","","Perfected Null Arca Guards (Perfected Slivers of the Null Arca)","Perfected Null Arca Boots (Perfected Slivers of the Null Arca)","","Corpseburster Ring (Corpseburster)","Corpseburster Ring (Corpseburster)","Corpseburster Dagger (Corpseburster)","Corpseburster Dagger (Corpseburster)","The Maelstrom's Perfected Greatsword (Perfected Merciless Charge)"," ()","Banner Bearer","Blighted Blastbones","Unnerving Boneyard","Shattering Knife","Detonating Siphon","Flawless Dawnbreaker","Barbed Trap","Stampede","Anti-Cavalry Caltrops","Skeletal Arcanist","Banner Bearer","Shooting Star"
"Lucent Citadel","Orphic Shattered Shard","https://www.esologs.com/reports/VyvdT4M7BqxRZwFp#fight=18&type=summary&source=8","@notsojuicy","Peanut'Butter'Banner'Time","ardent-earthen-x-roar-of-alkosh-zens-redress","dps","Ardent","Earthen","x","Roar of Alkosh","Z'en's Redress","97458.7","7828.1","54.2","97458.7 DPS","","Slimecraw Mask (Slimecraw)","Jack of Alkosh (Roar of Alkosh)","Arm Cops of Alkosh (Roar of Alkosh)","Bracers of Alkosh (Roar of Alkosh)","","Guards of Alkosh (Roar of Alkosh)","Boots of Alkosh (Roar of Alkosh)","","Z'en's Ring (Z'en's Redress)","Z'en's Ring (Z'en's Redress)","Z'en's Dagger (Z'en's Redress)","Z'en's Dagger (Z'en's Redress)","The Maelstrom's Perfected Greatsword (Perfected Merciless Charge)"," ()","Flame Lash","Disintegrating Dragonfire","Magma Fist","Searing Claw","Shattering Knife","Flawless Dawnbreaker","Stampede","Barbed Trap","Shatterspike Mantle","Incinerate","Igneous Weapons","Standard of Might"
"Lucent Citadel","Orphic Shattered Shard","https://www.esologs.com/reports/VyvdT4M7BqxRZwFp#fight=18&type=summary&source=6","@CosmereConnoissuer","Raids-With-Valor","ardent-earthen-x-roar-of-alkosh-zens-redress","dps","Ardent","Earthen","x","Roar of Alkosh","Z'en's Redress","57271.0","20649.3","33.4","57271.0 DPS","","Slimecraw Mask (Slimecraw)","Jack of Alkosh (Roar of Alkosh)","Z'en's Epaulets (Z'en's Redress)","Bracers of Alkosh (Roar of Alkosh)","","Guards of Alkosh (Roar of Alkosh)","Boots of Alkosh (Roar of Alkosh)","","Z'en's Ring (Z'en's Redress)","Z'en's Ring (Z'en's Redress)","Z'en's Dagger (Z'en's Redress)","Z'en's Dagger (Z'en's Redress)","The Maelstrom's Perfected Greatsword (Perfected Merciless Charge)"," ()","Magma Fist","Molten Whip","Disintegrating Dragonfire","Searing Claw","Soul of Flame","Flawless Dawnbreaker","Stampede","Incinerate","Fire Keeper","Shatterspike Mantle","Igneous Weapons","Standard of Might"
"Lucent Citadel","Orphic Shattered Shard","https://www.esologs.com/reports/VyvdT4M7BqxRZwFp#fight=18&type=summary&source=7","@Vertifyx","Incinëroar","ardent-earthen-x-roar-of-alkosh-zens-redress","dps","Ardent","Earthen","x","Roar of Alkosh","Z'en's Redress","83769.3","3889.8","58.7","83769.3 DPS","","Slimecraw Mask (Slimecraw)","Jack of Alkosh (Roar of Alkosh)","Spaulder of Ruin (Spaulder of Ruin)","Bracers of Alkosh (Roar of Alkosh)","","Guards of Alkosh (Roar of Alkosh)","Boots of Alkosh (Roar of Alkosh)","","Z'en's Ring (Z'en's Redress)","Z'en's Ring (Z'en's Redress)","Z'en's Dagger (Z'en's Redress)","Z'en's Dagger (Z'en's Redress)","The Maelstrom's Perfected Greatsword (Perfected Merciless Charge)"," ()","Magma Fist","Barbed Trap","Magic Knife","Quick Cloak","Camouflaged Hunter","Flawless Dawnbreaker","Stampede","Searing Claw","Disintegrating Dragonfire","Incinerate","Igneous Weapons","Standard of Might"
"Lucent Citadel","Orphic Shattered Shard","https://www.esologs.com/reports/VyvdT4M7BqxRZwFp#fight=18&type=summary&source=12","@Melina_nyu","Rellan'nyu","ardent-earthen-x-roar-of-alkosh-zens-redress","dps","Ardent","Earthen","x","Roar of Alkosh","Z'en's Redress","151961.3","5132.4","72.4","151961.3 DPS","The Thief","Helmet of Alkosh (Roar of Alkosh)","Jack of Alkosh (Roar of Alkosh)","Slimecraw Arm Cops (Slimecraw)","Bracers of Alkosh (Roar of Alkosh)","","Guards of Alkosh (Roar of Alkosh)","Boots of Alkosh (Roar of Alkosh)","","Z'en's Ring (Z'en's Redress)","Z'en's Ring (Z'en's Redress)","Z'en's Dagger (Z'en's Redress)","Z'en's Dagger (Z'en's Redress)","The Maelstrom's Perfected Greatsword (Perfected Merciless Charge)"," ()","Searing Claw","Disintegrating Dragonfire","Shattering Knife","Quick Cloak","Flame Lash","Flawless Dawnbreaker","Shatterspike Mantle","Barbed Trap","Igneous Weapons","Incinerate","Stampede","Standard of Might"
"Lucent Citadel","Orphic Shattered Shard","https://www.esologs.com/reports/VyvdT4M7BqxRZwFp#fight=18&type=summary&source=8","@RestfulTester","Restful Dragon","ardent-earthen-x-roar-of-alkosh-zens-redress","dps","Ardent","Earthen","x","Roar of Alkosh","Z'en's Redress","108022.8","19417.5","76.2","108022.8 DPS","","Slimecraw Mask (Slimecraw)","Jack of Alkosh (Roar of Alkosh)","Mora's Whispers (Mora's Whispers)","Bracers of Alkosh (Roar of Alkosh)","","Guards of Alkosh (Roar of Alkosh)","Boots of Alkosh (Roar of Alkosh)","","Z'en's Ring (Z'en's Redress)","Z'en's Ring (Z'en's Redress)","Z'en's Dagger (Z'en's Redress)","Z'en's Dagger (Z'en's Redress)","The Maelstrom's Perfected Greatsword (Perfected Merciless Charge)"," ()","Barbed Trap","Shattering Knife","Flame Lash","Quick Cloak","Magma Fist","Flawless Dawnbreaker","Stampede","Disintegrating Dragonfire","Searing Claw","Igneous Weapons","Incinerate","Reviving Barrier"
"Lucent Citadel","Orphic Shattered Shard","https://www.esologs.com/reports/VyvdT4M7BqxRZwFp#fight=18&type=summary&source=6","@Vertifyx","Incinëroar","ardent-earthen-x-roar-of-alkosh-zens-redress","dps","Ardent","Earthen","x","Roar of Alkosh","Z'en's Redress","74410.6","7049.2","61.2","74410.6 DPS","","Slimecraw Mask (Slimecraw)","Jack of Alkosh (Roar of Alkosh)","Spaulder of Ruin (Spaulder of Ruin)","Bracers of Alkosh (Roar of Alkosh)","","Guards of Alkosh (Roar of Alkosh)","Boots of Alkosh (Roar of Alkosh)","","Z'en's Ring (Z'en's Redress)","Z'en's Ring (Z'en's Redress)","Z'en's Dagger (Z'en's Redress)","Z'en's Dagger (Z'en's Redress)","The Maelstrom's Perfected Greatsword (Perfected Merciless Charge)"," ()","Magma Fist","Barbed Trap","Magic Knife","Quick Cloak","Camouflaged Hunter","Flawless Dawnbreaker","Stampede","Searing Claw","Disintegrating Dragonfire","Incinerate","Igneous Weapons","Standard of Might"
"Lucent Citadel","Orphic Shattered Shard","https://www.esologs.com/reports/b2kAayxvgfpFB3qm#fight=20&type=summary&source=20","@WolfAtHeart","Zakar-dro","ass-shadow-siphon-aegis-caller-perfected-slivers-of-the-null-arca","dps","Ass","Shadow","Siphon","Perfected Slivers of the Null Arca","Aegis Caller","74253.6","3332.2","53.4","74253.6 DPS","","Zaan Mask (Zaan)","Perfected Null Arca Jack (Perfected Slivers of the Null Arca)","Aegis Caller's Arm Cops (Aegis Caller)","Perfected Null Arca Bracers (Perfected Slivers of the Null Arca)","","Perfected Null Arca Guards (Perfected Slivers of the Null Arca)","Perfected Null Arca Boots (Perfected Slivers of the Null Arca)","","Aegis Caller's Ring (Aegis Caller)","Aegis Caller's Ring (Aegis Caller)","Aegis Caller's Dagger (Aegis Caller)","Aegis Caller's Dagger (Aegis Caller)","The Maelstrom's Perfected Greatsword (Perfected Merciless Charge)"," ()","Killer's Blade","Shadowy Disguise","Surprise Attack","Resolving Vigor","Merciless Resolve","Shooting Star","Siphoning Attacks","Stampede","Carve","Barbed Trap","Dark Shade","Incapacitating Strike"
"Lucent Citadel","Orphic Shattered Shard","https://www.esologs.com/reports/b2kAayxvgfpFB3qm#fight=20&type=summary&source=6","@ElectroSfere","Hunter Of Loners","ass-shadow-siphon-aegis-caller-perfected-slivers-of-the-null-arca","dps","Ass","Shadow","Siphon","Perfected Slivers of the Null Arca","Aegis Caller","197809.0","9495.2","70.1","197809.0 DPS","","Grundwulf Mask (Grundwulf)","Perfected Null Arca Jack (Perfected Slivers of the Null Arca)","Mora's Whispers (Mora's Whispers)","Perfected Null Arca Bracers (Perfected Slivers of the Null Arca)","","Perfected Null Arca Guards (Perfected Slivers of the Null Arca)","Perfected Null Arca Boots (Perfected Slivers of the Null Arca)","","Aegis Caller's Ring (Aegis Caller)","Aegis Caller's Ring (Aegis Caller)","Aegis Caller's Dagger (Aegis Caller)","Aegis Caller's Dagger (Aegis Caller)","The Maelstrom's Greatsword (Merciless Charge)"," ()","Surprise Attack","Shadowy Disguise","Relentless Focus","Killer's Blade","Debilitate","Incapacitating Strike","Stampede","Carve","Barbed Trap","Dark Shade","Twisting Path","Shooting Star"
"Lucent Citadel","Orphic Shattered Shard","https://www.esologs.com/reports/b2kAayxvgfpFB3qm#fight=20&type=summary&source=1","@ja.mes","skooma caffeine combo","ass-shadow-siphon-aegis-caller-perfected-slivers-of-the-null-arca","dps","Ass","Shadow","Siphon","Perfected Slivers of the Null Arca","Aegis Caller","144219.5","7910.7","77.9","144219.5 DPS","","Huntsman's Warmask (Huntsman's Warmask)","Perfected Null Arca Jack (Perfected Slivers of the Null Arca)","Slimecraw Epaulets (Slimecraw)","Perfected Null Arca Bracers (Perfected Slivers of the Null Arca)","","Perfected Null Arca Guards (Perfected Slivers of the Null Arca)","Perfected Null Arca Boots (Perfected Slivers of the Null Arca)","","Aegis Caller's Ring (Aegis Caller)","Aegis Caller's Ring (Aegis Caller)","Aegis Caller's Dagger (Aegis Caller)","Aegis Caller's Dagger (Aegis Caller)","The Maelstrom's Perfected Greatsword (Perfected Merciless Charge)"," ()","Killer's Blade","Surprise Attack","Debilitate","Relentless Focus","Shadowy Disguise","Incapacitating Strike","Carve","Stampede","Dark Shade","Twisting Path","Barbed Trap","Shooting Star"
"Lucent Citadel","Orphic Shattered Shard","https://www.esologs.com/reports/b2kAayxvgfpFB3qm#fight=20&type=summary&source=7","@TameTheGoldenOne","Skywrath Blade","ass-shadow-siphon-aegis-caller-perfected-slivers-of-the-null-arca","dps","Ass","Shadow","Siphon","Aegis Caller","Perfected Slivers of the Null Arca","163076.4","10848.1","58.6","163076.4 DPS","","Huntsman's Warmask (Huntsman's Warmask)","Aegis Caller's Jack (Aegis Caller)","Slimecraw Epaulets (Slimecraw)","Perfected Null Arca Bracers (Perfected Slivers of the Null Arca)","","Perfected Null Arca Guards (Perfected Slivers of the Null Arca)","Aegis Caller's Boots (Aegis Caller)","","Perfected Null Arca Ring (Perfected Slivers of the Null Arca)","Perfected Null Arca Ring (Perfected Slivers of the Null Arca)","Aegis Caller's Dagger (Aegis Caller)","Aegis Caller's Dagger (Aegis Caller)","The Maelstrom's Greatsword (Merciless Charge)"," ()","Killer's Blade","Debilitate","Surprise Attack","Relentless Focus","Shadowy Disguise","Incapacitating Strike","Stampede","Carve","Barbed Trap","Dark Shade","Ulfsild's Contingency","Shooting Star"
"Lucent Citadel","Orphic Shattered Shard","https://www.esologs.com/reports/b2kAayxvgfpFB3qm#fight=20&type=summary&source=3","@ElectroSfere","Offline","ass-shadow-siphon-aegis-caller-perfected-slivers-of-the-null-arca","dps","Ass","Shadow","Siphon","Perfected Slivers of the Null Arca","Aegis Caller","171351.6","10630.9","75.0","171351.6 DPS","","Grundwulf Mask (Grundwulf)","Perfected Null Arca Jack (Perfected Slivers of the Null Arca)","Mora's Whispers (Mora's Whispers)","Perfected Null Arca Bracers (Perfected Slivers of the Null Arca)","","Perfected Null Arca Guards (Perfected Slivers of the Null Arca)","Perfected Null Arca Boots (Perfected Slivers of the Null Arca)","","Aegis Caller's Ring (Aegis Caller)","Aegis Caller's Ring (Aegis Caller)","Aegis Caller's Dagger (Aegis Caller)","Aegis Caller's Dagger (Aegis Caller)","The Maelstrom's Greatsword (Merciless Charge)"," ()","Surprise Attack","Shadowy Disguise","Relentless Focus","Killer's Blade","Debilitate","Incapacitating Strike","Stampede","Carve","Barbed Trap","Dark Shade","Twisting Path","Shooting Star"
"Lucent Citadel","Orphic Shattered Shard","https://www.esologs.com/reports/k9wb3RVGmJD2Xfp7#fight=17&type=summary&source=8","@SnS_Scorpio","Valetudo Borealis","animal-green-winter-perfected-lucent-echoes-perfected-xoryns-masterpiece","tank","Animal","Green","Winter","Perfected Xoryn's Masterpiece","Perfected Lucent Echoes","2386.5","12774.0","31.8","31.8 CPM","","Baron Zaudrus Visage (Baron Zaudrus)","Lucent Echoes Perfected Cuirass (Perfected Lucent Echoes)","Baron Zaudrus Pauldron (Baron Zaudrus)","Lucent Echoes Perfected Gauntlets (Perfected Lucent Echoes)","","Lucent Echoes Perfected Greaves (Perfected Lucent Echoes)","Lucent Echoes Perfected Sabatons (Perfected Lucent Echoes)","","Xoryn's Perfected Ring (Perfected Xoryn's Masterpiece)","Xoryn's Perfected Ring (Perfected Xoryn's Masterpiece)","Xoryn's Perfected Ice Staff (Perfected Xoryn's Masterpiece)"," ()","Xoryn's Perfected Ice Staff (Perfected Xoryn's Masterpiece)"," ()","Deceptive Predator","Shimmering Shield","Budding Seeds","Polar Wind","Bull Netch","Reviving Barrier","Inner Rage","Elemental Blockade","Expansive Frost Cloak","Revealing Flare","Ulfsild's Contingency","Aggressive Horn"
"Lucent Citadel","Orphic Shattered Shard","https://www.esologs.com/reports/k9wb3RVGmJD2Xfp7#fight=17&type=summary&source=33","@MumenR1der","Gungńir","animal-green-winter-perfected-lucent-echoes-perfected-xoryns-masterpiece","tank","Animal","Green","Winter","Perfected Xoryn's Masterpiece","Perfected Lucent Echoes","6405.0","22570.7","52.9","52.9 CPM","The Atronach","Chokethorn Mask (Chokethorn)","Cryptcanon Vestments (Cryptcanon Vestments)","Lucent Echoes Perfected Pauldrons (Perfected Lucent Echoes)","Lucent Echoes Perfected Gauntlets (Perfected Lucent Echoes)","","Lucent Echoes Perfected Greaves (Perfected Lucent Echoes)","Lucent Echoes Perfected Sabatons (Perfected Lucent Echoes)","","Xoryn's Perfected Ring (Perfected Xoryn's Masterpiece)","Xoryn's Perfected Ring (Perfected Xoryn's Masterpiece)","Xoryn's Perfected Ice Staff (Perfected Xoryn's Masterpiece)"," ()","Xoryn's Perfected Ice Staff (Perfected Xoryn's Masterpiece)"," ()","Inner Rage","Budding Seeds","Ulfsild's Contingency","Polar Wind","Revealing Flare","Eternal Guardian","Elemental Blockade","Leashing Soul","Winter's Revenge","Expansive Frost Cloak","Elemental Susceptibility","Eternal Guardian"
"Lucent Citadel","Orphic Shattered Shard","https://www.esologs.com/reports/2Xn9fhmjGKcgya3t#fight=37&type=summary&source=2","@La_buba","Ay'ia","curative-soldier-x-master-architect-powerful-assault","healer","Curative","Soldier","x","Master Architect","Powerful Assault","9031.4","70824.0","48.8","70824.0 HPS","The Ritual","Ozezan the Inferno's Visage (Ozezan the Inferno)","Master Architect Robe (Master Architect)","Ozezan the Inferno's Arm Cops (Ozezan the Inferno)","Master Architect Gloves (Master Architect)","","Master Architect Breeches (Master Architect)","Master Architect Shoes (Master Architect)","","Ring of the Powerful Assault (Powerful Assault)","Ring of the Powerful Assault (Powerful Assault)","Lightning Staff of the Powerful Assault (Powerful Assault)"," ()","The Master's Perfected Restoration Staff (Perfected Grand Rejuvenation)"," ()","Energy Orb","Elemental Blockade","Echoing Vigor","Elemental Susceptibility","Overflowing Altar","Resonating Glyphic","Illustrious Healing","Radiating Regeneration","Cruxweaver Armor","Combat Prayer","Tidal Chakram","Reviving Barrier"
"Lucent Citadel","Orphic Shattered Shard","https://www.esologs.com/reports/2Xn9fhmjGKcgya3t#fight=37&type=summary&source=2","@BardonMe","Alara The Serpent-Singer","curative-soldier-x-master-architect-powerful-assault","healer","Curative","Soldier","x","Master Architect","Powerful Assault","5037.1","72010.2","52.8","72010.2 HPS","","Ozezan the Inferno's Guise (Ozezan the Inferno)","Master Architect Robe (Master Architect)","Ozezan the Inferno's Epaulets (Ozezan the Inferno)","Master Architect Gloves (Master Architect)","","Master Architect Breeches (Master Architect)","Master Architect Shoes (Master Architect)","","Ring of the Powerful Assault (Powerful Assault)","Ring of the Powerful Assault (Powerful Assault)","Lightning Staff of the Powerful Assault (Powerful Assault)"," ()","The Master's Perfected Restoration Staff (Perfected Grand Rejuvenation)"," ()","Elemental Blockade","Cruxweaver Armor","Energy Orb","Echoing Vigor","Overflowing Altar","Glyphic of the Tides","Chakram of Destiny","Illustrious Healing","Reconstructive Domain","Radiating Regeneration","Combat Prayer","Reviving Barrier"
"Lucent Citadel","Orphic Shattered Shard","https://www.esologs.com/reports/bzR1r24FkCvaA8B9#fight=44&type=summary&source=14","@janGatmanjan","Carisina Songsiren","green-winter-x-perfected-xoryns-masterpiece-serpents-disdain","healer","Green","Winter","x","Perfected Xoryn's Masterpiece","Serpent's Disdain","6844.0","75307.6","47.7","75307.6 HPS","","Ozezan the Inferno's Guise (Ozezan the Inferno)","Robe of Serpent's Disdain (Serpent's Disdain)","Ozezan the Inferno's Epaulets (Ozezan the Inferno)","Gloves of Serpent's Disdain (Serpent's Disdain)","","Breeches of Serpent's Disdain (Serpent's Disdain)","Shoes of Serpent's Disdain (Serpent's Disdain)","","Xoryn's Perfected Ring (Perfected Xoryn's Masterpiece)","Xoryn's Perfected Ring (Perfected Xoryn's Masterpiece)","Xoryn's Perfected Restoration Staff (Perfected Xoryn's Masterpiece)"," ()","Xoryn's Perfected Ice Staff (Perfected Xoryn's Masterpiece)"," ()","Budding Seeds","Illustrious Healing","Combat Prayer","Radiating Regeneration","Ulfsild's Contingency","Enchanted Forest","Energy Orb","Expansive Frost Cloak","Elemental Susceptibility","Elemental Blockade","Echoing Vigor","Reviving Barrier"
"Lucent Citadel","Orphic Shattered Shard","https://www.esologs.com/reports/bzR1r24FkCvaA8B9#fight=44&type=summary&source=14","@janGatmanjan","Carisina Songsiren","green-winter-x-perfected-xoryns-masterpiece-serpents-disdain","healer","Green","Winter","x","Perfected Xoryn's Masterpiece","Serpent's Disdain","7031.0","73735.8","40.1","73735.8 HPS","The Ritual","Ozezan the Inferno's Guise (Ozezan the Inferno)","Robe of Serpent's Disdain (Serpent's Disdain)","Ozezan the Inferno's Epaulets (Ozezan the Inferno)","Gloves of Serpent's Disdain (Serpent's Disdain)","","Breeches of Serpent's Disdain (Serpent's Disdain)","Shoes of Serpent's Disdain (Serpent's Disdain)","","Xoryn's Perfected Ring (Perfected Xoryn's Masterpiece)","Xoryn's Perfected Ring (Perfected Xoryn's Masterpiece)","Xoryn's Perfected Restoration Staff (Perfected Xoryn's Masterpiece)"," ()","Xoryn's Perfected Ice Staff (Perfected Xoryn's Masterpiece)"," ()","Budding Seeds","Illustrious Healing","Combat Prayer","Radiating Regeneration","Ulfsild's Contingency","Enchanted Forest","Energy Orb","Expansive Frost Cloak","Elemental Susceptibility","Elemental Blockade","Echoing Vigor","Reviving Barrier"
"Lucent Citadel","Orphic Shattered Shard","https://www.esologs.com/reports/bzR1r24FkCvaA8B9#fight=44&type=summary&source=9","@Ikashimi96","Wait I'm Tanking","storm-x-x-perfected-pearlescent-ward-powerful-assault","tank","Storm","x","x","Powerful Assault","Perfected Pearlescent Ward","6108.8","36254.7","73.7","73.7 CPM","The Lady","Lord Warden Dusk's Visage (Lord Warden)","Perfected Pearlescent Cuirass (Perfected Pearlescent Ward)","Lord Warden Dusk's Arm Cops (Lord Warden)","Perfected Pearlescent Gauntlets (Perfected Pearlescent Ward)","","Perfected Pearlescent Greaves (Perfected Pearlescent Ward)","Perfected Pearlescent Sabatons (Perfected Pearlescent Ward)","","Ring of the Powerful Assault (Powerful Assault)","Ring of the Powerful Assault (Powerful Assault)","Ice Staff of the Powerful Assault (Powerful Assault)"," ()","Ice Staff of the Powerful Assault (Powerful Assault)"," ()","Inner Rage","Lightning Flood","Regenerative Ward","Vibrant Shroud","Ball of Lightning","Reviving Barrier","Elemental Susceptibility","Elemental Blockade","Echoing Vigor","Boundless Storm","Leashing Soul","Reviving Barrier"
"Lucent Citadel","Orphic Shattered Shard","https://www.esologs.com/reports/bzR1r24FkCvaA8B9#fight=44&type=summary&source=8","@Ikashimi96","Wait I'm Tanking","storm-x-x-perfected-pearlescent-ward-powerful-assault","tank","Storm","x","x","Powerful Assault","Perfected Pearlescent Ward","5665.4","26780.1","78.2","78.2 CPM","","Lord Warden Dusk's Visage (Lord Warden)","Perfected Pearlescent Cuirass (Perfected Pearlescent Ward)","Lord Warden Dusk's Arm Cops (Lord Warden)","Perfected Pearlescent Gauntlets (Perfected Pearlescent Ward)","","Perfected Pearlescent Greaves (Perfected Pearlescent Ward)","Perfected Pearlescent Sabatons (Perfected Pearlescent Ward)","","Ring of the Powerful Assault (Powerful Assault)","Ring of the Powerful Assault (Powerful Assault)","Ice Staff of the Powerful Assault (Powerful Assault)"," ()","Ice Staff of the Powerful Assault (Powerful Assault)"," ()","Inner Rage","Lightning Flood","Regenerative Ward","Vibrant Shroud","Ball of Lightning","Reviving Barrier","Elemental Susceptibility","Elemental Blockade","Echoing Vigor","Boundless Storm","Leashing Soul","Reviving Barrier"
"Lucent Citadel","Orphic Shattered Shard","https://www.esologs.com/reports/bzR1r24FkCvaA8B9#fight=44&type=summary&source=5","@TomTomFoolery","Expectations-Too-High","ardent-earthen-x-perfected-lucent-echoes-war-machine","tank","Ardent","Earthen","x","War Machine","Perfected Lucent Echoes","3001.6","10388.8","48.4","48.4 CPM","","Baron Zaudrus Mask (Baron Zaudrus)","Lucent Echoes Perfected Cuirass (Perfected Lucent Echoes)","Baron Zaudrus Epaulets (Baron Zaudrus)","Lucent Echoes Perfected Gauntlets (Perfected Lucent Echoes)","","Lucent Echoes Perfected Greaves (Perfected Lucent Echoes)","Lucent Echoes Perfected Sabatons (Perfected Lucent Echoes)","","War Machine Ring (War Machine)","War Machine Ring (War Machine)","War Machine Ice Staff (War Machine)"," ()","War Machine Lightning Staff (War Machine)"," ()","Blood of the Elder Dragon","Inner Rage","Exhilarating Drain","Echoing Vigor","Heart of Flame","Reviving Barrier","Igneous Weapons","Elemental Susceptibility","Chains of Dominance","Shatterspike Mantle","Hearth and Home","Standard of Might"
"Lucent Citadel","Orphic Shattered Shard","https://www.esologs.com/reports/bzR1r24FkCvaA8B9#fight=44&type=summary&source=2","@TomTomFoolery","Expectations-Too-High","ardent-earthen-x-perfected-lucent-echoes-war-machine","tank","Ardent","Earthen","x","War Machine","Perfected Lucent Echoes","3578.5","16020.7","47.4","47.4 CPM","The Thief","Baron Zaudrus Mask (Baron Zaudrus)","Lucent Echoes Perfected Cuirass (Perfected Lucent Echoes)","Baron Zaudrus Epaulets (Baron Zaudrus)","Lucent Echoes Perfected Gauntlets (Perfected Lucent Echoes)","","Lucent Echoes Perfected Greaves (Perfected Lucent Echoes)","Lucent Echoes Perfected Sabatons (Perfected Lucent Echoes)","","War Machine Ring (War Machine)","War Machine Ring (War Machine)","War Machine Ice Staff (War Machine)"," ()","War Machine Lightning Staff (War Machine)"," ()","Blood of the Elder Dragon","Inner Rage","Exhilarating Drain","Echoing Vigor","Heart of Flame","Reviving Barrier","Igneous Weapons","Elemental Susceptibility","Chains of Dominance","Shatterspike Mantle","Hearth and Home","Standard of Might"
"Lucent Citadel","Orphic Shattered Shard","https://www.esologs.com/reports/bzR1r24FkCvaA8B9#fight=44&type=summary&source=1","@Brangwynn","Fruity Brann Loops","curative-soldier-x-combat-physician-master-architect","healer","Curative","Soldier","x","Combat Physician","Master Architect","7754.2","89200.2","45.6","89200.2 HPS","The Atronach","The Blind Visage (The Blind)","Robe of the Combat Physician (Combat Physician)","The Blind Arm Cops (The Blind)","Gloves of the Combat Physician (Combat Physician)","","Breeches of the Combat Physician (Combat Physician)","Master Architect Shoes (Master Architect)","","Ring of the Combat Physician (Combat Physician)","Master Architect Ring (Master Architect)","The Master's Perfected Restoration Staff (Perfected Grand Rejuvenation)"," ()","Master Architect Dagger (Master Architect)","Master Architect Dagger (Master Architect)","Illustrious Healing","Combat Prayer","Echoing Vigor","Energy Orb","Tidal Chakram","Reviving Barrier","Overflowing Altar","Quick Cloak","Shattering Knife","Ulfsild's Contingency","Runeguard of Freedom","Resonating Glyphic"
"Lucent Citadel","Orphic Shattered Shard","https://www.esologs.com/reports/bzR1r24FkCvaA8B9#fight=44&type=summary&source=4","@Brangwynn","Fruity Brann Loops","curative-soldier-x-combat-physician-master-architect","healer","Curative","Soldier","x","Combat Physician","Master Architect","5379.7","96704.3","51.9","96704.3 HPS","","The Blind Visage (The Blind)","Robe of the Combat Physician (Combat Physician)","The Blind Arm Cops (The Blind)","Gloves of the Combat Physician (Combat Physician)","","Breeches of the Combat Physician (Combat Physician)","Master Architect Shoes (Master Architect)","","Ring of the Combat Physician (Combat Physician)","Master Architect Ring (Master Architect)","The Master's Perfected Restoration Staff (Perfected Grand Rejuvenation)"," ()","Master Architect Dagger (Master Architect)","Master Architect Dagger (Master Architect)","Illustrious Healing","Combat Prayer","Echoing Vigor","Energy Orb","Tidal Chakram","Reviving Barrier","Overflowing Altar","Quick Cloak","Shattering Knife","Ulfsild's Contingency","Runeguard of Freedom","Resonating Glyphic"
"Lucent Citadel","Orphic Shattered Shard","https://www.esologs.com/reports/P6rbM4QWKt3L8dXk#fight=19&type=summary&source=10","@bitrock","Prison-Death","daedric-storm-x-perfected-lucent-echoes-perfected-pearlescent-ward","tank","Daedric","Storm","x","Perfected Pearlescent Ward","Perfected Lucent Echoes","6297.7","47890.2","69.3","69.3 CPM","The Thief","Lucent Echoes Perfected Helm (Perfected Lucent Echoes)","Cryptcanon Vestments (Cryptcanon Vestments)","Magma Incarnate Arm Cops (Magma Incarnate)","Lucent Echoes Perfected Gauntlets (Perfected Lucent Echoes)","","Lucent Echoes Perfected Greaves (Perfected Lucent Echoes)","Lucent Echoes Perfected Sabatons (Perfected Lucent Echoes)","","Perfected Pearlescent Ring (Perfected Pearlescent Ward)","Perfected Pearlescent Ring (Perfected Pearlescent Ward)","Perfected Pearlescent Ice Staff (Perfected Pearlescent Ward)"," ()","Perfected Pearlescent Restoration Staff (Perfected Pearlescent Ward)"," ()","Hardened Ward","Vibrant Shroud","Ulfsild's Contingency","Power Surge","Inner Rage","Summon Charged Atronach","Illustrious Healing","Echoing Vigor","Radiating Regeneration","Liquid Lightning","Charging Maneuver","Reviving Barrier"
"Lucent Citadel","Orphic Shattered Shard","https://www.esologs.com/reports/P6rbM4QWKt3L8dXk#fight=19&type=summary&source=10","@TheMrPancake","Vibrant Shroud","daedric-storm-x-perfected-lucent-echoes-perfected-pearlescent-ward","tank","Daedric","Storm","x","Perfected Pearlescent Ward","Perfected Lucent Echoes","3696.5","18535.9","67.7","67.7 CPM","","Nazaray Mask (Nazaray)","Lucent Echoes Perfected Cuirass (Perfected Lucent Echoes)","Nazaray Epaulets (Nazaray)","Lucent Echoes Perfected Gauntlets (Perfected Lucent Echoes)","","Lucent Echoes Perfected Greaves (Perfected Lucent Echoes)","Lucent Echoes Perfected Sabatons (Perfected Lucent Echoes)","","Perfected Pearlescent Ring (Perfected Pearlescent Ward)","Perfected Pearlescent Ring (Perfected Pearlescent Ward)","Perfected Pearlescent Ice Staff (Perfected Pearlescent Ward)"," ()","Perfected Pearlescent Ice Staff (Perfected Pearlescent Ward)"," ()","Inner Rage","Hardened Ward","Elemental Explosion","Vibrant Shroud","Lingering Flare","Reviving Barrier","Razor Caltrops","Liquid Lightning","Leashing Soul","Boundless Storm","Bound Aegis","Aggressive Horn"
"Lucent Citadel","Defense Prism","https://www.esologs.com/reports/VyvdT4M7BqxRZwFp#fight=40&type=summary&source=15","@WiGe06","tebzi pagnumaith","grave-herald-x-corpseburster-perfected-slivers-of-the-null-arca","dps","Grave","Herald","x","Corpseburster","Perfected Slivers of the Null Arca","86368.6","16417.2","68.8","86368.6 DPS","","Corpseburster Helmet (Corpseburster)","Perfected Null Arca Jack (Perfected Slivers of the Null Arca)","The Blind Arm Cops (The Blind)","Perfected Null Arca Bracers (Perfected Slivers of the Null Arca)","","Perfected Null Arca Guards (Perfected Slivers of the Null Arca)","Perfected Null Arca Boots (Perfected Slivers of the Null Arca)","","Corpseburster Ring (Corpseburster)","Corpseburster Ring (Corpseburster)","Corpseburster Dagger (Corpseburster)","Corpseburster Dagger (Corpseburster)","The Maelstrom's Perfected Greatsword (Perfected Merciless Charge)"," ()","Banner Bearer","Unnerving Boneyard","Blighted Blastbones","Detonating Siphon","Venom Skull","Flawless Dawnbreaker","Banner Bearer","Stampede","Carve","Barbed Trap","Skeletal Archer","Shooting Star"
"Lucent Citadel","Defense Prism","https://www.esologs.com/reports/VyvdT4M7BqxRZwFp#fight=40&type=summary&source=16","@Drkif","ßarale","grave-herald-x-corpseburster-perfected-slivers-of-the-null-arca","dps","Grave","Herald","x","Perfected Slivers of the Null Arca","Corpseburster","72078.9","6741.2","49.4","72078.9 DPS","","Valkyn Skoria Guise (Valkyn Skoria)","Perfected Null Arca Jack (Perfected Slivers of the Null Arca)","Corpseburster Arm Cops (Corpseburster)","Perfected Null Arca Bracers (Perfected Slivers of the Null Arca)","","Perfected Null Arca Guards (Perfected Slivers of the Null Arca)","Perfected Null Arca Boots (Perfected Slivers of the Null Arca)","","Corpseburster Ring (Corpseburster)","Corpseburster Ring (Corpseburster)","Corpseburster Dagger (Corpseburster)","Corpseburster Dagger (Corpseburster)","The Maelstrom's Perfected Greatsword (Perfected Merciless Charge)"," ()","Venom Skull","Blighted Blastbones","Unnerving Boneyard","Detonating Siphon","Banner Bearer","Flawless Dawnbreaker","Skeletal Archer","Stampede","Carve","Barbed Trap","Banner Bearer","Shooting Star"
"Lucent Citadel","Defense Prism","https://www.esologs.com/reports/VyvdT4M7BqxRZwFp#fight=40&type=summary&source=5","@K1LL3R-Cfrags","Mia Regaza","grave-herald-x-corpseburster-perfected-slivers-of-the-null-arca","dps","Grave","Herald","x","Perfected Slivers of the Null Arca","Corpseburster","55793.8","10282.8","32.6","55793.8 DPS","","Slimecraw Mask (Slimecraw)","Perfected Null Arca Jack (Perfected Slivers of the Null Arca)","Corpseburster Arm Cops (Corpseburster)","Perfected Null Arca Bracers (Perfected Slivers of the Null Arca)","","Perfected Null Arca Guards (Perfected Slivers of the Null Arca)","Perfected Null Arca Boots (Perfected Slivers of the Null Arca)","","Shattered Paths Signet (Shattered Paths Signet)","Corpseburster Ring (Corpseburster)","Corpseburster Dagger (Corpseburster)","Corpseburster Dagger (Corpseburster)","The Maelstrom's Perfected Greatsword (Perfected Merciless Charge)"," ()","Blighted Blastbones","Detonating Siphon","Venom Skull","Avid Boneyard","Banner Bearer","Flawless Dawnbreaker","Stampede","Carve","Barbed Trap","Skeletal Archer","Banner Bearer","Flawless Dawnbreaker"
"Lucent Citadel","Defense Prism","https://www.esologs.com/reports/VyvdT4M7BqxRZwFp#fight=40&type=summary&source=5","@K1LL3R-Cfrags","Mia Regaza","grave-herald-x-corpseburster-perfected-slivers-of-the-null-arca","dps","Grave","Herald","x","Perfected Slivers of the Null Arca","Corpseburster","109901.5","8485.3","45.4","109901.5 DPS","","Slimecraw Mask (Slimecraw)","Perfected Null Arca Jack (Perfected Slivers of the Null Arca)","Corpseburster Arm Cops (Corpseburster)","Perfected Null Arca Bracers (Perfected Slivers of the Null Arca)","","Perfected Null Arca Guards (Perfected Slivers of the Null Arca)","Perfected Null Arca Boots (Perfected Slivers of the Null Arca)","","Shattered Paths Signet (Shattered Paths Signet)","Corpseburster Ring (Corpseburster)","Corpseburster Dagger (Corpseburster)","Corpseburster Dagger (Corpseburster)","The Maelstrom's Perfected Greatsword (Perfected Merciless Charge)"," ()","Blighted Blastbones","Detonating Siphon","Venom Skull","Avid Boneyard","Banner Bearer","Flawless Dawnbreaker","Stampede","Carve","Barbed Trap","Skeletal Archer","Banner Bearer","Flawless Dawnbreaker"
"Lucent Citadel","Defense Prism","https://www.esologs.com/reports/VyvdT4M7BqxRZwFp#fight=40&type=summary&source=8","@CinisMortis","Necrocinis","grave-herald-x-corpseburster-perfected-slivers-of-the-null-arca","dps","Grave","Herald","x","Perfected Slivers of the Null Arca","Corpseburster","58058.4","6247.8","31.0","58058.4 DPS","","Slimecraw Mask (Slimecraw)","Perfected Null Arca Jack (Perfected Slivers of the Null Arca)","Corpseburster Arm Cops (Corpseburster)","Perfected Null Arca Bracers (Perfected Slivers of the Null Arca)","","Perfected Null Arca Guards (Perfected Slivers of the Null Arca)","Perfected Null Arca Boots (Perfected Slivers of the Null Arca)","","Corpseburster Ring (Corpseburster)","Shattered Paths Signet (Shattered Paths Signet)","Corpseburster Axe (Corpseburster)","Corpseburster Dagger (Corpseburster)","The Maelstrom's Perfected Greatsword (Perfected Merciless Charge)"," ()","Blighted Blastbones","Venom Skull","Detonating Siphon","Avid Boneyard","Banner Bearer","Glacial Colossus","Stampede","Carve","Skeletal Archer","Barbed Trap","Banner Bearer","Flawless Dawnbreaker"
"Lucent Citadel","Defense Prism","https://www.esologs.com/reports/VyvdT4M7BqxRZwFp#fight=40&type=summary&source=1","@sagitta14","Marena Nox","grave-herald-x-corpseburster-perfected-slivers-of-the-null-arca","dps","Grave","Herald","x","Perfected Slivers of the Null Arca","Corpseburster","68558.7","8514.2","33.2","68558.7 DPS","","Slimecraw Mask (Slimecraw)","Perfected Null Arca Jack (Perfected Slivers of the Null Arca)","Corpseburster Arm Cops (Corpseburster)","Perfected Null Arca Bracers (Perfected Slivers of the Null Arca)","","Perfected Null Arca Guards (Perfected Slivers of the Null Arca)","Perfected Null Arca Boots (Perfected Slivers of the Null Arca)","","Corpseburster Ring (Corpseburster)","Corpseburster Ring (Corpseburster)","Corpseburster Dagger (Corpseburster)","Corpseburster Dagger (Corpseburster)","The Maelstrom's Perfected Greatsword (Perfected Merciless Charge)"," ()","Unnerving Boneyard","Venom Skull","Detonating Siphon","Banner Bearer","Blighted Blastbones","Glacial Colossus","Ulfsild's Contingency","Stampede","Carve","Banner Bearer","Skeletal Archer","Shooting Star"
"Lucent Citadel","Defense Prism","https://www.esologs.com/reports/VyvdT4M7BqxRZwFp#fight=40&type=summary&source=3","@klerk88","Del'Say","grave-herald-x-corpseburster-perfected-slivers-of-the-null-arca","dps","Grave","Herald","x","Perfected Slivers of the Null Arca","Corpseburster","69022.7","3937.8","36.6","69022.7 DPS","","Slimecraw Mask (Slimecraw)","Perfected Null Arca Jack (Perfected Slivers of the Null Arca)","Perfected Null Arca Arm Cops (Perfected Slivers of the Null Arca)","Perfected Null Arca Bracers (Perfected Slivers of the Null Arca)","","Corpseburster Guards (Corpseburster)","Perfected Null Arca Boots (Perfected Slivers of the Null Arca)","","Corpseburster Ring (Corpseburster)","Corpseburster Ring (Corpseburster)","Corpseburster Dagger (Corpseburster)","Corpseburster Dagger (Corpseburster)","The Maelstrom's Perfected Greatsword (Perfected Merciless Charge)"," ()","Blighted Blastbones","Unnerving Boneyard","Detonating Siphon","Venom Skull","Banner Bearer","Glacial Colossus","Stampede","Carve","Barbed Trap","Skeletal Archer","Banner Bearer","Ice Comet"
"Lucent Citadel","Defense Prism","https://www.esologs.com/reports/VyvdT4M7BqxRZwFp#fight=40&type=summary&source=28","@Jdog2716","Netchbone Necra","grave-herald-x-corpseburster-perfected-slivers-of-the-null-arca","dps","Grave","Herald","x","Corpseburster","Perfected Slivers of the Null Arca","88423.9","5175.4","43.8","88423.9 DPS","","Corpseburster Helmet (Corpseburster)","Perfected Null Arca Jack (Perfected Slivers of the Null Arca)","Slimecraw Epaulets (Slimecraw)","Perfected Null Arca Bracers (Perfected Slivers of the Null Arca)","","Perfected Null Arca Guards (Perfected Slivers of the Null Arca)","Perfected Null Arca Boots (Perfected Slivers of the Null Arca)","","Corpseburster Ring (Corpseburster)","Corpseburster Ring (Corpseburster)","Corpseburster Dagger (Corpseburster)","Corpseburster Dagger (Corpseburster)","The Maelstrom's Perfected Greatsword (Perfected Merciless Charge)"," ()","Blighted Blastbones","Detonating Siphon","Venom Skull","Unnerving Boneyard","Banner Bearer","Flawless Dawnbreaker","Barbed Trap","Carve","Stampede","Skeletal Archer","Banner Bearer","Shooting Star"
"Lucent Citadel","Defense Prism","https://www.esologs.com/reports/VyvdT4M7BqxRZwFp#fight=40&type=summary&source=5","@BRabbit.3","Krieg The Dark Lord","grave-herald-x-corpseburster-perfected-slivers-of-the-null-arca","dps","Grave","Herald","x","Perfected Slivers of the Null Arca","Corpseburster","59391.8","5618.4","34.4","59391.8 DPS","","Slimecraw Mask (Slimecraw)","Perfected Null Arca Jack (Perfected Slivers of the Null Arca)","Perfected Null Arca Arm Cops (Perfected Slivers of the Null Arca)","Perfected Null Arca Bracers (Perfected Slivers of the Null Arca)","","Perfected Null Arca Guards (Perfected Slivers of the Null Arca)","Corpseburster Boots (Corpseburster)","","Corpseburster Ring (Corpseburster)","Corpseburster Ring (Corpseburster)","Corpseburster Dagger (Corpseburster)","Corpseburster Dagger (Corpseburster)","The Maelstrom's Greatsword (Merciless Charge)"," ()","Unnerving Boneyard","Blighted Blastbones","Venom Skull","Detonating Siphon","Banner Bearer","Flawless Dawnbreaker","Anti-Cavalry Caltrops","Carve","Skeletal Archer","Stampede","Banner Bearer","Shooting Star"
"Lucent Citadel","Defense Prism","https://www.esologs.com/reports/VyvdT4M7BqxRZwFp#fight=40&type=summary&source=12","@Maglaud","Bone Boyo","grave-herald-x-corpseburster-perfected-slivers-of-the-null-arca","dps","Grave","Herald","x","Perfected Slivers of the Null Arca","Corpseburster","123256.6","15470.6","54.4","123256.6 DPS","","Slimecraw Mask (Slimecraw)","Perfected Null Arca Jack (Perfected Slivers of the Null Arca)","Corpseburster Arm Cops (Corpseburster)","Perfected Null Arca Bracers (Perfected Slivers of the Null Arca)","","Perfected Null Arca Guards (Perfected Slivers of the Null Arca)","Perfected Null Arca Boots (Perfected Slivers of the Null Arca)","","Corpseburster Ring (Corpseburster)","Corpseburster Ring (Corpseburster)","Corpseburster Dagger (Corpseburster)","Corpseburster Dagger (Corpseburster)","The Maelstrom's Perfected Greatsword (Perfected Merciless Charge)"," ()","Banner Bearer","Venom Skull","Blighted Blastbones","Detonating Siphon","Unnerving Boneyard","Pestilent Colossus","Barbed Trap","Banner Bearer","Skeletal Archer","Carve","Stampede","Shooting Star"
"Lucent Citadel","Defense Prism","https://www.esologs.com/reports/VyvdT4M7BqxRZwFp#fight=40&type=summary&source=9","@DEINFRA","Nekronysia","grave-herald-x-corpseburster-perfected-slivers-of-the-null-arca","dps","Grave","Herald","x","Perfected Slivers of the Null Arca","Corpseburster","112612.4","1950.9","44.5","112612.4 DPS","","Perfected Null Arca Helmet (Perfected Slivers of the Null Arca)","Perfected Null Arca Jack (Perfected Slivers of the Null Arca)","Slimecraw Arm Cops (Slimecraw)","Corpseburster Bracers (Corpseburster)","","Perfected Null Arca Guards (Perfected Slivers of the Null Arca)","Perfected Null Arca Boots (Perfected Slivers of the Null Arca)","","Corpseburster Ring (Corpseburster)","Corpseburster Ring (Corpseburster)","Corpseburster Dagger (Corpseburster)","Corpseburster Dagger (Corpseburster)","The Maelstrom's Greatsword (Merciless Charge)"," ()","Venom Skull","Blighted Blastbones","Detonating Siphon","Unnerving Boneyard","Banner Bearer","Flawless Dawnbreaker","Stampede","Carve","Barbed Trap","Skeletal Arcanist","Banner Bearer","Shooting Star"
"Lucent Citadel","Defense Prism","https://www.esologs.com/reports/VyvdT4M7BqxRZwFp#fight=40&type=summary&source=5","@Cixa","Cixa Nostus","grave-herald-x-corpseburster-perfected-slivers-of-the-null-arca","dps","Grave","Herald","x","Perfected Slivers of the Null Arca","Corpseburster","120457.2","1439.7","44.1","120457.2 DPS","","Perfected Null Arca Helmet (Perfected Slivers of the Null Arca)","Perfected Null Arca Jack (Perfected Slivers of the Null Arca)","Slimecraw Arm Cops (Slimecraw)","Perfected Null Arca Bracers (Perfected Slivers of the Null Arca)","","Perfected Null Arca Guards (Perfected Slivers of the Null Arca)","Perfected Null Arca Boots (Perfected Slivers of the Null Arca)","","Corpseburster Ring (Corpseburster)","Corpseburster Ring (Corpseburster)","Corpseburster Dagger (Corpseburster)","Corpseburster Dagger (Corpseburster)","The Maelstrom's Perfected Greatsword (Perfected Merciless Charge)"," ()","Blighted Blastbones","Detonating Siphon","Venom Skull","Unnerving Boneyard","Banner Bearer","Flawless Dawnbreaker","Barbed Trap","Skeletal Arcanist","Stampede","Carve","Banner Bearer","Ice Comet"
"Lucent Citadel","Defense Prism","https://www.esologs.com/reports/VyvdT4M7BqxRZwFp#fight=40&type=summary&source=6","@p0rk","four day old hamburger","grave-herald-x-corpseburster-perfected-slivers-of-the-null-arca","dps","Grave","Herald","x","Perfected Slivers of the Null Arca","Corpseburster","101079.8","1992.0","48.1","101079.8 DPS","","Zaan Mask (Zaan)","Perfected Null Arca Jack (Perfected Slivers of the Null Arca)","Mora's Whispers (Mora's Whispers)","Perfected Null Arca Bracers (Perfected Slivers of the Null Arca)","","Corpseburster Breeches (Corpseburster)","Perfected Null Arca Boots (Perfected Slivers of the Null Arca)","","Corpseburster Ring (Corpseburster)","Corpseburster Ring (Corpseburster)","Corpseburster Dagger (Corpseburster)","Corpseburster Dagger (Corpseburster)","The Maelstrom's Greatsword (Merciless Charge)"," ()","Detonating Siphon","Blighted Blastbones","Venom Skull","Unnerving Boneyard","Banner Bearer","Flawless Dawnbreaker","Skeletal Archer","Stampede","Carve","Barbed Trap","Banner Bearer","Shooting Star"
"Lucent Citadel","Defense Prism","https://www.esologs.com/reports/VyvdT4M7BqxRZwFp#fight=40&type=summary&source=9","@DEINFRA","Nekronysia","grave-herald-x-corpseburster-perfected-slivers-of-the-null-arca","dps","Grave","Herald","x","Perfected Slivers of the Null Arca","Corpseburster","52950.4","1554.1","30.8","52950.4 DPS","","Perfected Null Arca Helmet (Perfected Slivers of the Null Arca)","Perfected Null Arca Jack (Perfected Slivers of the Null Arca)","Slimecraw Arm Cops (Slimecraw)","Corpseburster Bracers (Corpseburster)","","Perfected Null Arca Guards (Perfected Slivers of the Null Arca)","Perfected Null Arca Boots (Perfected Slivers of the Null Arca)","","Corpseburster Ring (Corpseburster)","Corpseburster Ring (Corpseburster)","Corpseburster Dagger (Corpseburster)","Corpseburster Dagger (Corpseburster)","The Maelstrom's Greatsword (Merciless Charge)"," ()","Venom Skull","Blighted Blastbones","Detonating Siphon","Unnerving Boneyard","Banner Bearer","Flawless Dawnbreaker","Stampede","Carve","Barbed Trap","Skeletal Arcanist","Banner Bearer","Shooting Star"
"Lucent Citadel","Defense Prism","https://www.esologs.com/reports/VyvdT4M7BqxRZwFp#fight=40&type=summary&source=5","@Cixa","Cixa Nostus","grave-herald-x-corpseburster-perfected-slivers-of-the-null-arca","dps","Grave","Herald","x","Perfected Slivers of the Null Arca","Corpseburster","84798.8","1127.4","40.1","84798.8 DPS","","Perfected Null Arca Helmet (Perfected Slivers of the Null Arca)","Perfected Null Arca Jack (Perfected Slivers of the Null Arca)","Slimecraw Arm Cops (Slimecraw)","Perfected Null Arca Bracers (Perfected Slivers of the Null Arca)","","Perfected Null Arca Guards (Perfected Slivers of the Null Arca)","Perfected Null Arca Boots (Perfected Slivers of the Null Arca)","","Corpseburster Ring (Corpseburster)","Corpseburster Ring (Corpseburster)","Corpseburster Dagger (Corpseburster)","Corpseburster Dagger (Corpseburster)","The Maelstrom's Perfected Greatsword (Perfected Merciless Charge)"," ()","Blighted Blastbones","Detonating Siphon","Venom Skull","Unnerving Boneyard","Banner Bearer","Flawless Dawnbreaker","Barbed Trap","Skeletal Arcanist","Stampede","Carve","Banner Bearer","Ice Comet"
"Lucent Citadel","Defense Prism","https://www.esologs.com/reports/VyvdT4M7BqxRZwFp#fight=40&type=summary&source=6","@p0rk","four day old hamburger","grave-herald-x-corpseburster-perfected-slivers-of-the-null-arca","dps","Grave","Herald","x","Perfected Slivers of the Null Arca","Corpseburster","27974.2","1364.5","29.6","27974.2 DPS","","Zaan Mask (Zaan)","Perfected Null Arca Jack (Perfected Slivers of the Null Arca)","Mora's Whispers (Mora's Whispers)","Perfected Null Arca Bracers (Perfected Slivers of the Null Arca)","","Corpseburster Breeches (Corpseburster)","Perfected Null Arca Boots (Perfected Slivers of the Null Arca)","","Corpseburster Ring (Corpseburster)","Corpseburster Ring (Corpseburster)","Corpseburster Dagger (Corpseburster)","Corpseburster Dagger (Corpseburster)","The Maelstrom's Greatsword (Merciless Charge)"," ()","Detonating Siphon","Blighted Blastbones","Venom Skull","Unnerving Boneyard","Banner Bearer","Flawless Dawnbreaker","Skeletal Archer","Stampede","Carve","Barbed Trap","Banner Bearer","Shooting Star"
"Lucent Citadel","Defense Prism","https://www.esologs.com/reports/VyvdT4M7BqxRZwFp#fight=40&type=summary&source=7","@LeopardoColorido","Jimim do Dps","grave-herald-x-corpseburster-perfected-slivers-of-the-null-arca","dps","Grave","Herald","x","Perfected Slivers of the Null Arca","Corpseburster","62521.3","1614.3","37.0","62521.3 DPS","","Huntsman's Warmask (Huntsman's Warmask)","Perfected Null Arca Jack (Perfected Slivers of the Null Arca)","Slimecraw Arm Cops (Slimecraw)","Perfected Null Arca Bracers (Perfected Slivers of the Null Arca)","","Perfected Null Arca Guards (Perfected Slivers of the Null Arca)","Corpseburster Boots (Corpseburster)","","Corpseburster Ring (Corpseburster)","Corpseburster Ring (Corpseburster)","Perfected Null Arca Dagger (Perfected Slivers of the Null Arca)","Perfected Null Arca Dagger (Perfected Slivers of the Null Arca)","The Maelstrom's Perfected Greatsword (Perfected Merciless Charge)"," ()","Blighted Blastbones","Venom Skull","Avid Boneyard","Detonating Siphon","Banner Bearer","Flawless Dawnbreaker","Stampede","Barbed Trap","Carve","Skeletal Arcanist","Banner Bearer","Shooting Star"
"Lucent Citadel","Defense Prism","https://www.esologs.com/reports/VyvdT4M7BqxRZwFp#fight=40&type=summary&source=42","@Im5HEAD","The Dark In Me","grave-herald-x-corpseburster-perfected-slivers-of-the-null-arca","dps","Grave","Herald","x","Perfected Slivers of the Null Arca","Corpseburster","124655.9","8479.4","53.1","124655.9 DPS","","Perfected Null Arca Helmet (Perfected Slivers of the Null Arca)","Perfected Null Arca Jack (Perfected Slivers of the Null Arca)","The Blind Arm Cops (The Blind)","Perfected Null Arca Bracers (Perfected Slivers of the Null Arca)","","Perfected Null Arca Guards (Perfected Slivers of the Null Arca)","Corpseburster Boots (Corpseburster)","","Corpseburster Ring (Corpseburster)","Corpseburster Ring (Corpseburster)","Corpseburster Dagger (Corpseburster)","Corpseburster Dagger (Corpseburster)","The Maelstrom's Perfected Greatsword (Perfected Merciless Charge)"," ()","Blighted Blastbones","Unnerving Boneyard","Venom Skull","Banner Bearer","Detonating Siphon","Flawless Dawnbreaker","Stampede","Carve","Anti-Cavalry Caltrops","Banner Bearer","Skeletal Archer","Shooting Star"
"Lucent Citadel","Defense Prism","https://www.esologs.com/reports/VyvdT4M7BqxRZwFp#fight=40&type=summary&source=38","@RayRegiCide","Ray Yūrei","grave-herald-x-corpseburster-perfected-slivers-of-the-null-arca","dps","Grave","Herald","x","Perfected Slivers of the Null Arca","Corpseburster","157897.0","6614.3","52.5","157897.0 DPS","","Slimecraw Guise (Slimecraw)","Perfected Null Arca Jack (Perfected Slivers of the Null Arca)","Corpseburster Arm Cops (Corpseburster)","Perfected Null Arca Bracers (Perfected Slivers of the Null Arca)","","Perfected Null Arca Guards (Perfected Slivers of the Null Arca)","Perfected Null Arca Boots (Perfected Slivers of the Null Arca)","","Corpseburster Ring (Corpseburster)","Corpseburster Ring (Corpseburster)","Corpseburster Dagger (Corpseburster)","Corpseburster Dagger (Corpseburster)","The Maelstrom's Perfected Greatsword (Perfected Merciless Charge)"," ()","Detonating Siphon","Blighted Blastbones","Unnerving Boneyard","Venom Skull","Banner Bearer","Flawless Dawnbreaker","Skeletal Archer","Carve","Stampede","Anti-Cavalry Caltrops","Banner Bearer","Shooting Star"
"Lucent Citadel","Defense Prism","https://www.esologs.com/reports/VyvdT4M7BqxRZwFp#fight=40&type=summary&source=32","@drqAzazel","Ayemfia","grave-herald-x-corpseburster-perfected-slivers-of-the-null-arca","dps","Grave","Herald","x","Perfected Slivers of the Null Arca","Corpseburster","150123.6","9272.1","54.5","150123.6 DPS","","Slimecraw Mask (Slimecraw)","Perfected Null Arca Jack (Perfected Slivers of the Null Arca)","Mora's Whispers (Mora's Whispers)","Perfected Null Arca Bracers (Perfected Slivers of the Null Arca)","","Perfected Null Arca Guards (Perfected Slivers of the Null Arca)","Perfected Null Arca Boots (Perfected Slivers of the Null Arca)","","Corpseburster Ring (Corpseburster)","Corpseburster Ring (Corpseburster)","Corpseburster Dagger (Corpseburster)","Corpseburster Dagger (Corpseburster)","The Maelstrom's Perfected Greatsword (Perfected Merciless Charge)"," ()","Unnerving Boneyard","Blighted Blastbones","Detonating Siphon","Venom Skull","Banner Bearer","Flawless Dawnbreaker","Stampede","Carve","Barbed Trap","Skeletal Archer","Banner Bearer","Shooting Star"
"Lucent Citadel","Defense Prism","https://www.esologs.com/reports/VyvdT4M7BqxRZwFp#fight=40&type=summary&source=42","@Im5HEAD","The Dark In Me","grave-herald-x-corpseburster-perfected-slivers-of-the-null-arca","dps","Grave","Herald","x","Perfected Slivers of the Null Arca","Corpseburster","128684.4","6353.5","52.3","128684.4 DPS","","Perfected Null Arca Helmet (Perfected Slivers of the Null Arca)","Perfected Null Arca Jack (Perfected Slivers of the Null Arca)","The Blind Arm Cops (The Blind)","Perfected Null Arca Bracers (Perfected Slivers of the Null Arca)","","Perfected Null Arca Guards (Perfected Slivers of the Null Arca)","Corpseburster Boots (Corpseburster)","","Corpseburster Ring (Corpseburster)","Corpseburster Ring (Corpseburster)","Corpseburster Dagger (Corpseburster)","Corpseburster Dagger (Corpseburster)","The Maelstrom's Perfected Greatsword (Perfected Merciless Charge)"," ()","Blighted Blastbones","Unnerving Boneyard","Venom Skull","Banner Bearer","Detonating Siphon","Flawless Dawnbreaker","Stampede","Carve","Barbed Trap","Banner Bearer","Skeletal Archer","Shooting Star"
"Lucent Citadel","Defense Prism","https://www.esologs.com/reports/VyvdT4M7BqxRZwFp#fight=40&type=summary&source=38","@RayRegiCide","Ray Yūrei","grave-herald-x-corpseburster-perfected-slivers-of-the-null-arca","dps","Grave","Herald","x","Perfected Slivers of the Null Arca","Corpseburster","141793.9","7250.7","54.8","141793.9 DPS","","Slimecraw Guise (Slimecraw)","Perfected Null Arca Jack (Perfected Slivers of the Null Arca)","Corpseburster Arm Cops (Corpseburster)","Perfected Null Arca Bracers (Perfected Slivers of the Null Arca)","","Perfected Null Arca Guards (Perfected Slivers of the Null Arca)","Perfected Null Arca Boots (Perfected Slivers of the Null Arca)","","Corpseburster Ring (Corpseburster)","Corpseburster Ring (Corpseburster)","Corpseburster Dagger (Corpseburster)","Corpseburster Dagger (Corpseburster)","The Maelstrom's Perfected Greatsword (Perfected Merciless Charge)"," ()","Detonating Siphon","Blighted Blastbones","Unnerving Boneyard","Venom Skull","Banner Bearer","Flawless Dawnbreaker","Skeletal Archer","Carve","Stampede","Anti-Cavalry Caltrops","Banner Bearer","Shooting Star"
"Lucent Citadel","Defense Prism","https://www.esologs.com/reports/VyvdT4M7BqxRZwFp#fight=40&type=summary&source=32","@drqAzazel","Ayemfia","grave-herald-x-corpseburster-perfected-slivers-of-the-null-arca","dps","Grave","Herald","x","Perfected Slivers of the Null Arca","Corpseburster","148827.0","3625.1","60.7","148827.0 DPS","","Perfected Null Arca Helmet (Perfected Slivers of the Null Arca)","Perfected Null Arca Jack (Perfected Slivers of the Null Arca)","Slimecraw Epaulets (Slimecraw)","Perfected Null Arca Bracers (Perfected Slivers of the Null Arca)","","Perfected Null Arca Guards (Perfected Slivers of the Null Arca)","Perfected Null Arca Boots (Perfected Slivers of the Null Arca)","","Corpseburster Ring (Corpseburster)","Corpseburster Ring (Corpseburster)","Corpseburster Dagger (Corpseburster)","Corpseburster Dagger (Corpseburster)","The Maelstrom's Perfected Greatsword (Perfected Merciless Charge)"," ()","Unnerving Boneyard","Blighted Blastbones","Detonating Siphon","Venom Skull","Banner Bearer","Flawless Dawnbreaker","Stampede","Carve","Barbed Trap","Skeletal Archer","Banner Bearer","Shooting Star"
"Lucent Citadel","Defense Prism","https://www.esologs.com/reports/VyvdT4M7BqxRZwFp#fight=40&type=summary&source=4","@stefishim","stef guy","grave-herald-x-corpseburster-perfected-slivers-of-the-null-arca","dps","Grave","Herald","x","Perfected Slivers of the Null Arca","Corpseburster","141353.3","5394.6","46.7","141353.3 DPS","","Slimecraw Mask (Slimecraw)","Perfected Null Arca Jack (Perfected Slivers of the Null Arca)","Corpseburster Epaulets (Corpseburster)","Perfected Null Arca Bracers (Perfected Slivers of the Null Arca)","","Perfected Null Arca Guards (Perfected Slivers of the Null Arca)","Perfected Null Arca Boots (Perfected Slivers of the Null Arca)","","Corpseburster Ring (Corpseburster)","Corpseburster Ring (Corpseburster)","Corpseburster Dagger (Corpseburster)","Corpseburster Dagger (Corpseburster)","The Maelstrom's Greatsword (Merciless Charge)"," ()","Avid Boneyard","Blighted Blastbones","Detonating Siphon","Venom Skull","Banner Bearer","Flawless Dawnbreaker","Skeletal Archer","Anti-Cavalry Caltrops","Stampede","Carve","Banner Bearer","Shooting Star"
"Lucent Citadel","Defense Prism","https://www.esologs.com/reports/VyvdT4M7BqxRZwFp#fight=40&type=summary&source=13","@xpxJp1875","Corpse Bride's Terror","grave-herald-x-corpseburster-perfected-slivers-of-the-null-arca","dps","Grave","Herald","x","Perfected Slivers of the Null Arca","Corpseburster","127033.3","7409.7","55.8","127033.3 DPS","","Perfected Null Arca Helmet (Perfected Slivers of the Null Arca)","Corpseburster Jack (Corpseburster)","Zaan Arm Cops (Zaan)","Corpseburster Bracers (Corpseburster)","","Corpseburster Guards (Corpseburster)","Perfected Null Arca Boots (Perfected Slivers of the Null Arca)","","Perfected Null Arca Ring (Perfected Slivers of the Null Arca)","Perfected Null Arca Ring (Perfected Slivers of the Null Arca)","Corpseburster Dagger (Corpseburster)","Corpseburster Dagger (Corpseburster)","The Maelstrom's Perfected Greatsword (Perfected Merciless Charge)"," ()","Shattering Knife","Blighted Blastbones","Quick Cloak","Detonating Siphon","Banner Bearer","Flawless Dawnbreaker","Stampede","Unnerving Boneyard","Ulfsild's Contingency","Carve","Banner Bearer","Pestilent Colossus"
"Lucent Citadel","Defense Prism","https://www.esologs.com/reports/VyvdT4M7BqxRZwFp#fight=40&type=summary&source=4","@stefishim","stef guy","grave-herald-x-corpseburster-perfected-slivers-of-the-null-arca","dps","Grave","Herald","x","Perfected Slivers of the Null Arca","Corpseburster","76827.7","7092.4","28.7","76827.7 DPS","","Slimecraw Mask (Slimecraw)","Perfected Null Arca Jack (Perfected Slivers of the Null Arca)","Corpseburster Epaulets (Corpseburster)","Perfected Null Arca Bracers (Perfected Slivers of the Null Arca)","","Perfected Null Arca Guards (Perfected Slivers of the Null Arca)","Perfected Null Arca Boots (Perfected Slivers of the Null Arca)","","Corpseburster Ring (Corpseburster)","Corpseburster Ring (Corpseburster)","Corpseburster Dagger (Corpseburster)","Corpseburster Dagger (Corpseburster)","The Maelstrom's Greatsword (Merciless Charge)"," ()","Avid Boneyard","Blighted Blastbones","Detonating Siphon","Venom Skull","Banner Bearer","Flawless Dawnbreaker","Skeletal Archer","Anti-Cavalry Caltrops","Stampede","Carve","Banner Bearer","Shooting Star"
"Lucent Citadel","Defense Prism","https://www.esologs.com/reports/VyvdT4M7BqxRZwFp#fight=40&type=summary&source=7","@Maglaud","Bone Boyo","grave-herald-x-corpseburster-perfected-slivers-of-the-null-arca","dps","Grave","Herald","x","Perfected Slivers of the Null Arca","Corpseburster","138209.2","9656.4","50.7","138209.2 DPS","","Slimecraw Mask (Slimecraw)","Perfected Null Arca Jack (Perfected Slivers of the Null Arca)","Corpseburster Arm Cops (Corpseburster)","Perfected Null Arca Bracers (Perfected Slivers of the Null Arca)","","Perfected Null Arca Guards (Perfected Slivers of the Null Arca)","Perfected Null Arca Boots (Perfected Slivers of the Null Arca)","","Corpseburster Ring (Corpseburster)","Corpseburster Ring (Corpseburster)","Corpseburster Dagger (Corpseburster)","Corpseburster Dagger (Corpseburster)","The Maelstrom's Perfected Greatsword (Perfected Merciless Charge)"," ()","Banner Bearer","Venom Skull","Blighted Blastbones","Detonating Siphon","Unnerving Boneyard","Pestilent Colossus","Barbed Trap","Banner Bearer","Skeletal Archer","Carve","Stampede","Shooting Star"
"Lucent Citadel","Defense Prism","https://www.esologs.com/reports/k9wb3RVGmJD2Xfp7#fight=29&type=summary&source=2","@goalpost02","Apocrypha Meow","herald-x-x-perfected-slivers-of-the-null-arca-spattering-disjunction","dps","Herald","x","x","Spattering Disjunction","Perfected Slivers of the Null Arca","79534.6","3080.3","25.4","79534.6 DPS","","Slimecraw Guise (Slimecraw)","Spattering Disjunction Jack (Spattering Disjunction)","Spattering Disjunction Arm Cops (Spattering Disjunction)","Perfected Null Arca Bracers (Perfected Slivers of the Null Arca)","","Perfected Null Arca Guards (Perfected Slivers of the Null Arca)","Perfected Null Arca Boots (Perfected Slivers of the Null Arca)","","Perfected Null Arca Ring (Perfected Slivers of the Null Arca)","Perfected Null Arca Ring (Perfected Slivers of the Null Arca)","Spattering Disjunction Dagger (Spattering Disjunction)","Spattering Disjunction Dagger (Spattering Disjunction)","The Maelstrom's Perfected Inferno Staff (Perfected Crushing Wall)"," ()","Barbed Trap","Quick Cloak","Pragmatic Fatecarver","Cephaliarch's Flail","Camouflaged Hunter","Flawless Dawnbreaker","Inspired Scholarship","Resolving Vigor","Elemental Blockade","Fulminating Rune","Camouflaged Hunter","The Languid Eye"
"Lucent Citadel","Defense Prism","https://www.esologs.com/reports/k9wb3RVGmJD2Xfp7#fight=29&type=summary&source=14","@Vayla_Zvat","Elýsía","herald-x-x-perfected-slivers-of-the-null-arca-spattering-disjunction","dps","Herald","x","x","Spattering Disjunction","Perfected Slivers of the Null Arca","71026.7","16515.6","29.6","71026.7 DPS","","Slimecraw Guise (Slimecraw)","Spattering Disjunction Jack (Spattering Disjunction)","Perfected Null Arca Arm Cops (Perfected Slivers of the Null Arca)","Spattering Disjunction Bracers (Spattering Disjunction)","","Spattering Disjunction Guards (Spattering Disjunction)","Spattering Disjunction Boots (Spattering Disjunction)","","Perfected Null Arca Ring (Perfected Slivers of the Null Arca)","Perfected Null Arca Ring (Perfected Slivers of the Null Arca)","Perfected Null Arca Dagger (Perfected Slivers of the Null Arca)","Perfected Null Arca Dagger (Perfected Slivers of the Null Arca)","The Maelstrom's Perfected Inferno Staff (Perfected Crushing Wall)"," ()","Pragmatic Fatecarver","Quick Cloak","Cephaliarch's Flail","Barbed Trap","Camouflaged Hunter","Flawless Dawnbreaker","Elemental Blockade","Echoing Vigor","Fulminating Rune","Camouflaged Hunter","Inspired Scholarship","The Languid Eye"
"Lucent Citadel","Defense Prism","https://www.esologs.com/reports/k9wb3RVGmJD2Xfp7#fight=29&type=summary&source=1","@Paradoxdruid","Seeker-of-the-Paradox","herald-x-x-perfected-slivers-of-the-null-arca-spattering-disjunction","dps","Herald","x","x","Perfected Slivers of the Null Arca","Spattering Disjunction","73091.2","15935.6","20.2","73091.2 DPS","","Slimecraw Guise (Slimecraw)","Perfected Null Arca Jack (Perfected Slivers of the Null Arca)","Spattering Disjunction Arm Cops (Spattering Disjunction)","Spattering Disjunction Bracers (Spattering Disjunction)","","Perfected Null Arca Guards (Perfected Slivers of the Null Arca)","Spattering Disjunction Boots (Spattering Disjunction)","","Spattering Disjunction Ring (Spattering Disjunction)","Spattering Disjunction Ring (Spattering Disjunction)","Perfected Null Arca Dagger (Perfected Slivers of the Null Arca)","Perfected Null Arca Dagger (Perfected Slivers of the Null Arca)","The Maelstrom's Inferno Staff (Crushing Wall)"," ()","Quick Cloak","Camouflaged Hunter","Cephaliarch's Flail","Pragmatic Fatecarver","Banner Bearer","Flawless Dawnbreaker","Inspired Scholarship","Elemental Blockade","Fulminating Rune","Echoing Vigor","Banner Bearer","The Languid Eye"
"Lucent Citadel","Defense Prism","https://www.esologs.com/reports/k9wb3RVGmJD2Xfp7#fight=29&type=summary&source=2","@goalpost02","Apocrypha Meow","herald-x-x-perfected-slivers-of-the-null-arca-spattering-disjunction","dps","Herald","x","x","Spattering Disjunction","Perfected Slivers of the Null Arca","78386.1","3056.7","24.6","78386.1 DPS","","Slimecraw Guise (Slimecraw)","Spattering Disjunction Jack (Spattering Disjunction)","Spattering Disjunction Arm Cops (Spattering Disjunction)","Perfected Null Arca Bracers (Perfected Slivers of the Null Arca)","","Perfected Null Arca Guards (Perfected Slivers of the Null Arca)","Perfected Null Arca Boots (Perfected Slivers of the Null Arca)","","Perfected Null Arca Ring (Perfected Slivers of the Null Arca)","Perfected Null Arca Ring (Perfected Slivers of the Null Arca)","Spattering Disjunction Dagger (Spattering Disjunction)","Spattering Disjunction Dagger (Spattering Disjunction)","The Maelstrom's Perfected Inferno Staff (Perfected Crushing Wall)"," ()","Barbed Trap","Quick Cloak","Pragmatic Fatecarver","Cephaliarch's Flail","Camouflaged Hunter","Flawless Dawnbreaker","Inspired Scholarship","Resolving Vigor","Elemental Blockade","Fulminating Rune","Camouflaged Hunter","The Languid Eye"
"Lucent Citadel","Defense Prism","https://www.esologs.com/reports/k9wb3RVGmJD2Xfp7#fight=29&type=summary&source=14","@Vayla_Zvat","Elýsía","herald-x-x-perfected-slivers-of-the-null-arca-spattering-disjunction","dps","Herald","x","x","Spattering Disjunction","Perfected Slivers of the Null Arca","82789.1","18459.3","33.1","82789.1 DPS","","Slimecraw Guise (Slimecraw)","Spattering Disjunction Jack (Spattering Disjunction)","Perfected Null Arca Arm Cops (Perfected Slivers of the Null Arca)","Spattering Disjunction Bracers (Spattering Disjunction)","","Spattering Disjunction Guards (Spattering Disjunction)","Spattering Disjunction Boots (Spattering Disjunction)","","Perfected Null Arca Ring (Perfected Slivers of the Null Arca)","Perfected Null Arca Ring (Perfected Slivers of the Null Arca)","Perfected Null Arca Dagger (Perfected Slivers of the Null Arca)","Perfected Null Arca Dagger (Perfected Slivers of the Null Arca)","The Maelstrom's Perfected Inferno Staff (Perfected Crushing Wall)"," ()","Pragmatic Fatecarver","Quick Cloak","Cephaliarch's Flail","Barbed Trap","Camouflaged Hunter","Flawless Dawnbreaker","Elemental Blockade","Echoing Vigor","Fulminating Rune","Camouflaged Hunter","Inspired Scholarship","The Languid Eye"
"Lucent Citadel","Defense Prism","https://www.esologs.com/reports/k9wb3RVGmJD2Xfp7#fight=29&type=summary&source=1","@Paradoxdruid","Seeker-of-the-Paradox","herald-x-x-perfected-slivers-of-the-null-arca-spattering-disjunction","dps","Herald","x","x","Perfected Slivers of the Null Arca","Spattering Disjunction","95342.7","12278.6","20.8","95342.7 DPS","The Thief","Slimecraw Guise (Slimecraw)","Perfected Null Arca Jack (Perfected Slivers of the Null Arca)","Spattering Disjunction Arm Cops (Spattering Disjunction)","Spattering Disjunction Bracers (Spattering Disjunction)","","Perfected Null Arca Guards (Perfected Slivers of the Null Arca)","Spattering Disjunction Boots (Spattering Disjunction)","","Spattering Disjunction Ring (Spattering Disjunction)","Spattering Disjunction Ring (Spattering Disjunction)","Perfected Null Arca Dagger (Perfected Slivers of the Null Arca)","Perfected Null Arca Dagger (Perfected Slivers of the Null Arca)","The Maelstrom's Inferno Staff (Crushing Wall)"," ()","Quick Cloak","Camouflaged Hunter","Cephaliarch's Flail","Pragmatic Fatecarver","Banner Bearer","Flawless Dawnbreaker","Inspired Scholarship","Blockade of Fire","Fulminating Rune","Echoing Vigor","Banner Bearer","The Languid Eye"
"Lucent Citadel","Defense Prism","https://www.esologs.com/reports/k9wb3RVGmJD2Xfp7#fight=29&type=summary&source=4","@Linx26","Erîs","herald-x-x-perfected-slivers-of-the-null-arca-spattering-disjunction","dps","Herald","x","x","Spattering Disjunction","Perfected Slivers of the Null Arca","56526.3","6698.7","18.5","56526.3 DPS","","Slimecraw Guise (Slimecraw)","Spattering Disjunction Jack (Spattering Disjunction)","Perfected Null Arca Arm Cops (Perfected Slivers of the Null Arca)","Spattering Disjunction Bracers (Spattering Disjunction)","","Spattering Disjunction Guards (Spattering Disjunction)","Spattering Disjunction Boots (Spattering Disjunction)","","Perfected Null Arca Ring (Perfected Slivers of the Null Arca)","Perfected Null Arca Ring (Perfected Slivers of the Null Arca)","Perfected Null Arca Dagger (Perfected Slivers of the Null Arca)","Perfected Null Arca Dagger (Perfected Slivers of the Null Arca)","The Maelstrom's Perfected Greatsword (Perfected Merciless Charge)"," ()","Quick Cloak","Cephaliarch's Flail","Pragmatic Fatecarver","Barbed Trap","Banner Bearer","Flawless Dawnbreaker","Resolving Vigor","Stampede","Inspired Scholarship","Fulminating Rune","Banner Bearer","The Languid Eye"
"Lucent Citadel","Defense Prism","https://www.esologs.com/reports/k9wb3RVGmJD2Xfp7#fight=29&type=summary&source=9","@zsvan","Prism Sensors Stable","herald-x-x-perfected-slivers-of-the-null-arca-spattering-disjunction","dps","Herald","x","x","Spattering Disjunction","Perfected Slivers of the Null Arca","65340.8","5235.3","15.3","65340.8 DPS","","Nerien'eth Visage (Nerien'eth)","Spattering Disjunction Jack (Spattering Disjunction)","Nerien'eth Epaulets (Nerien'eth)","Spattering Disjunction Bracers (Spattering Disjunction)","","Spattering Disjunction Guards (Spattering Disjunction)","Spattering Disjunction Boots (Spattering Disjunction)","","Perfected Null Arca Ring (Perfected Slivers of the Null Arca)","Perfected Null Arca Ring (Perfected Slivers of the Null Arca)","Perfected Null Arca Dagger (Perfected Slivers of the Null Arca)","Perfected Null Arca Dagger (Perfected Slivers of the Null Arca)","The Maelstrom's Perfected Greatsword (Perfected Merciless Charge)"," ()","Cephaliarch's Flail","Pragmatic Fatecarver","Quick Cloak","Echoing Vigor","Camouflaged Hunter","Flawless Dawnbreaker","Stampede","Fulminating Rune","Inspired Scholarship","Barbed Trap","Ulfsild's Contingency","The Languid Eye"
"Lucent Citadel","Defense Prism","https://www.esologs.com/reports/k9wb3RVGmJD2Xfp7#fight=29&type=summary&source=9","@zsvan","Prism Sensors Stable","herald-x-x-perfected-slivers-of-the-null-arca-spattering-disjunction","dps","Herald","x","x","Spattering Disjunction","Perfected Slivers of the Null Arca","55446.4","5004.7","17.4","55446.4 DPS","","Nerien'eth Visage (Nerien'eth)","Spattering Disjunction Jack (Spattering Disjunction)","Nerien'eth Epaulets (Nerien'eth)","Spattering Disjunction Bracers (Spattering Disjunction)","","Spattering Disjunction Guards (Spattering Disjunction)","Spattering Disjunction Boots (Spattering Disjunction)","","Perfected Null Arca Ring (Perfected Slivers of the Null Arca)","Perfected Null Arca Ring (Perfected Slivers of the Null Arca)","Perfected Null Arca Dagger (Perfected Slivers of the Null Arca)","Perfected Null Arca Dagger (Perfected Slivers of the Null Arca)","The Maelstrom's Perfected Greatsword (Perfected Merciless Charge)"," ()","Cephaliarch's Flail","Pragmatic Fatecarver","Quick Cloak","Echoing Vigor","Camouflaged Hunter","Flawless Dawnbreaker","Stampede","Fulminating Rune","Inspired Scholarship","Barbed Trap","Ulfsild's Contingency","The Languid Eye"
"Lucent Citadel","Defense Prism","https://www.esologs.com/reports/k9wb3RVGmJD2Xfp7#fight=29&type=summary&source=15","@Hakunamatatur","hakunamatatur","herald-x-x-perfected-slivers-of-the-null-arca-spattering-disjunction","dps","Herald","x","x","Spattering Disjunction","Perfected Slivers of the Null Arca","56283.5","5663.7","25.1","56283.5 DPS","","Slimecraw Mask (Slimecraw)","Spattering Disjunction Jack (Spattering Disjunction)","Perfected Null Arca Arm Cops (Perfected Slivers of the Null Arca)","Spattering Disjunction Bracers (Spattering Disjunction)","","Spattering Disjunction Guards (Spattering Disjunction)","Spattering Disjunction Boots (Spattering Disjunction)","","Shattered Paths Signet (Shattered Paths Signet)","Perfected Null Arca Ring (Perfected Slivers of the Null Arca)","Perfected Null Arca Dagger (Perfected Slivers of the Null Arca)","Perfected Null Arca Dagger (Perfected Slivers of the Null Arca)","The Maelstrom's Perfected Lightning Staff (Perfected Crushing Wall)"," ()","Banner Bearer","Camouflaged Hunter","Quick Cloak","Cephaliarch's Flail","Pragmatic Fatecarver","Flawless Dawnbreaker","Banner Bearer","Fulminating Rune","Elemental Susceptibility","Inspired Scholarship","Unstable Wall of Elements","The Languid Eye"
"Lucent Citadel","Defense Prism","https://www.esologs.com/reports/k9wb3RVGmJD2Xfp7#fight=29&type=summary&source=6","@Thimblewearer","Jade Beamweaver","herald-x-x-perfected-slivers-of-the-null-arca-spattering-disjunction","dps","Herald","x","x","Perfected Slivers of the Null Arca","Spattering Disjunction","34304.9","5954.4","22.6","34304.9 DPS","","Zaan Mask (Zaan)","Perfected Null Arca Jack (Perfected Slivers of the Null Arca)","Spattering Disjunction Arm Cops (Spattering Disjunction)","Spattering Disjunction Bracers (Spattering Disjunction)","","Perfected Null Arca Guards (Perfected Slivers of the Null Arca)","Perfected Null Arca Boots (Perfected Slivers of the Null Arca)","","Spattering Disjunction Ring (Spattering Disjunction)","Spattering Disjunction Ring (Spattering Disjunction)","Perfected Null Arca Dagger (Perfected Slivers of the Null Arca)","Perfected Null Arca Dagger (Perfected Slivers of the Null Arca)","The Maelstrom's Perfected Inferno Staff (Perfected Crushing Wall)"," ()","Cephaliarch's Flail","Pragmatic Fatecarver","Quick Cloak","Camouflaged Hunter","Banner Bearer","Flawless Dawnbreaker","Elemental Blockade","Fulminating Rune","Inspired Scholarship","Elemental Susceptibility","Banner Bearer","The Languid Eye"
"Lucent Citadel","Defense Prism","https://www.esologs.com/reports/k9wb3RVGmJD2Xfp7#fight=29&type=summary&source=3","@Sylvalynn19","Arcs-and-Recreation","herald-x-x-perfected-slivers-of-the-null-arca-spattering-disjunction","dps","Herald","x","x","Spattering Disjunction","Perfected Slivers of the Null Arca","42652.0","6460.6","25.6","42652.0 DPS","","Zaan Mask (Zaan)","Spattering Disjunction Jack (Spattering Disjunction)","Perfected Null Arca Arm Cops (Perfected Slivers of the Null Arca)","Spattering Disjunction Bracers (Spattering Disjunction)","","Spattering Disjunction Guards (Spattering Disjunction)","Spattering Disjunction Boots (Spattering Disjunction)","","Perfected Null Arca Ring (Perfected Slivers of the Null Arca)","Perfected Null Arca Ring (Perfected Slivers of the Null Arca)","Perfected Null Arca Dagger (Perfected Slivers of the Null Arca)","Perfected Null Arca Dagger (Perfected Slivers of the Null Arca)","The Maelstrom's Perfected Inferno Staff (Perfected Crushing Wall)"," ()","Banner Bearer","Camouflaged Hunter","Quick Cloak","Pragmatic Fatecarver","Cephaliarch's Flail","Flawless Dawnbreaker","Banner Bearer","Resolving Vigor","Fulminating Rune","Elemental Blockade","Recuperative Treatise","The Languid Eye"
"Lucent Citadel","Defense Prism","https://www.esologs.com/reports/VyvdT4M7BqxRZwFp#fight=40&type=summary&source=10","@rockstarrem","Clyde Oui","ass-shadow-siphon-perfected-slivers-of-the-null-arca-savage-werewolf","dps","Ass","Shadow","Siphon","Perfected Slivers of the Null Arca","Savage Werewolf","52969.3","8388.6","36.2","52969.3 DPS","","Slimecraw Guise (Slimecraw)","Perfected Null Arca Jack (Perfected Slivers of the Null Arca)","Savage Werewolf's Arm Cops (Savage Werewolf)","Perfected Null Arca Bracers (Perfected Slivers of the Null Arca)","","Perfected Null Arca Guards (Perfected Slivers of the Null Arca)","Perfected Null Arca Boots (Perfected Slivers of the Null Arca)","","Savage Werewolf's Ring (Savage Werewolf)","Shattered Paths Signet (Shattered Paths Signet)","Savage Werewolf's Dagger (Savage Werewolf)","Savage Werewolf's Dagger (Savage Werewolf)","The Maelstrom's Perfected Greatsword (Perfected Merciless Charge)"," ()","Barbed Trap","Merciless Resolve","Quick Cloak","Killer's Blade","Surprise Attack","Werewolf Berserker","Stampede","Debilitate","Carve","Shadowy Disguise","Dark Shade","Werewolf Berserker"
"Lucent Citadel","Defense Prism","https://www.esologs.com/reports/VyvdT4M7BqxRZwFp#fight=40&type=summary&source=4","@Glaistig_Uaine","Invicta Toxica","ass-shadow-siphon-perfected-slivers-of-the-null-arca-savage-werewolf","dps","Ass","Shadow","Siphon","Perfected Slivers of the Null Arca","Savage Werewolf","82995.7","5755.2","35.0","82995.7 DPS","","Perfected Null Arca Helmet (Perfected Slivers of the Null Arca)","Savage Werewolf's Jack (Savage Werewolf)","Slimecraw Arm Cops (Slimecraw)","Savage Werewolf's Bracers (Savage Werewolf)","","Savage Werewolf's Guards (Savage Werewolf)","Savage Werewolf's Boots (Savage Werewolf)","","Shattered Paths Signet (Shattered Paths Signet)","Perfected Null Arca Ring (Perfected Slivers of the Null Arca)","Null Arca Dagger (Slivers of the Null Arca)","Null Arca Dagger (Slivers of the Null Arca)","The Maelstrom's Inferno Staff (Crushing Wall)"," ()","Impale","Debilitate","Concealed Weapon","Shadowy Disguise","Merciless Resolve","Werewolf Berserker","Elemental Blockade","Path of Darkness","Sap Essence","Dark Shade","Caltrops","Soul Tether"
"Lucent Citadel","Defense Prism","https://www.esologs.com/reports/VyvdT4M7BqxRZwFp#fight=40&type=summary&source=4","@Glaistig_Uaine","Invicta Toxica","ass-shadow-siphon-perfected-slivers-of-the-null-arca-savage-werewolf","dps","Ass","Shadow","Siphon","Perfected Slivers of the Null Arca","Savage Werewolf","52652.2","4564.1","25.6","52652.2 DPS","","Perfected Null Arca Helmet (Perfected Slivers of the Null Arca)","Savage Werewolf's Jack (Savage Werewolf)","Slimecraw Arm Cops (Slimecraw)","Savage Werewolf's Bracers (Savage Werewolf)","","Savage Werewolf's Guards (Savage Werewolf)","Savage Werewolf's Boots (Savage Werewolf)","","Shattered Paths Signet (Shattered Paths Signet)","Perfected Null Arca Ring (Perfected Slivers of the Null Arca)","Null Arca Dagger (Slivers of the Null Arca)","Null Arca Dagger (Slivers of the Null Arca)","The Maelstrom's Inferno Staff (Crushing Wall)"," ()","Impale","Debilitate","Concealed Weapon","Shadowy Disguise","Merciless Resolve","Werewolf Berserker","Elemental Blockade","Path of Darkness","Sap Essence","Dark Shade","Caltrops","Soul Tether"
"Lucent Citadel","Defense Prism","https://www.esologs.com/reports/VyvdT4M7BqxRZwFp#fight=40&type=summary&source=8","@Mysthey","Mysthey","ass-shadow-siphon-perfected-slivers-of-the-null-arca-savage-werewolf","dps","Ass","Shadow","Siphon","Perfected Slivers of the Null Arca","Savage Werewolf","86554.3","9268.5","48.9","86554.3 DPS","","Zaan Guise (Zaan)","Perfected Null Arca Jack (Perfected Slivers of the Null Arca)","Savage Werewolf's Arm Cops (Savage Werewolf)","Perfected Null Arca Bracers (Perfected Slivers of the Null Arca)","","Perfected Null Arca Guards (Perfected Slivers of the Null Arca)","Perfected Null Arca Boots (Perfected Slivers of the Null Arca)","","Savage Werewolf's Ring (Savage Werewolf)","Shattered Paths Signet (Shattered Paths Signet)","Savage Werewolf's Dagger (Savage Werewolf)","Savage Werewolf's Dagger (Savage Werewolf)","The Maelstrom's Perfected Greatsword (Perfected Merciless Charge)"," ()","Surprise Attack","Relentless Focus","Shadowy Disguise","Killer's Blade","Debilitate","Werewolf Berserker","Stampede","Sundering Trample","Barbed Trap","Dark Shade","Siphoning Attacks","Soul Harvest"
"Lucent Citadel","Defense Prism","https://www.esologs.com/reports/VyvdT4M7BqxRZwFp#fight=40&type=summary&source=8","@Mysthey","Mysthey","ass-shadow-siphon-perfected-slivers-of-the-null-arca-savage-werewolf","dps","Ass","Shadow","Siphon","Perfected Slivers of the Null Arca","Savage Werewolf","86290.5","8182.5","47.5","86290.5 DPS","","Zaan Guise (Zaan)","Perfected Null Arca Jack (Perfected Slivers of the Null Arca)","Savage Werewolf's Arm Cops (Savage Werewolf)","Perfected Null Arca Bracers (Perfected Slivers of the Null Arca)","","Perfected Null Arca Guards (Perfected Slivers of the Null Arca)","Perfected Null Arca Boots (Perfected Slivers of the Null Arca)","","Savage Werewolf's Ring (Savage Werewolf)","Shattered Paths Signet (Shattered Paths Signet)","Savage Werewolf's Dagger (Savage Werewolf)","Savage Werewolf's Dagger (Savage Werewolf)","The Maelstrom's Perfected Greatsword (Perfected Merciless Charge)"," ()","Surprise Attack","Relentless Focus","Shadowy Disguise","Killer's Blade","Debilitate","Werewolf Berserker","Stampede","Sundering Trample","Barbed Trap","Dark Shade","Siphoning Attacks","Soul Harvest"
"Lucent Citadel","Defense Prism","https://www.esologs.com/reports/VyvdT4M7BqxRZwFp#fight=40&type=summary&source=11","@madRedHead","Mad Cat Disease","ass-shadow-siphon-perfected-slivers-of-the-null-arca-savage-werewolf","dps","Ass","Shadow","Siphon","Savage Werewolf","Perfected Slivers of the Null Arca","102422.7","10385.8","51.8","102422.7 DPS","","Slimecraw Guise (Slimecraw)","Savage Werewolf's Jack (Savage Werewolf)","Perfected Null Arca Arm Cops (Perfected Slivers of the Null Arca)","Savage Werewolf's Bracers (Savage Werewolf)","","Savage Werewolf's Guards (Savage Werewolf)","Savage Werewolf's Boots (Savage Werewolf)","","Shattered Paths Signet (Shattered Paths Signet)","Perfected Null Arca Ring (Perfected Slivers of the Null Arca)","Perfected Null Arca Dagger (Perfected Slivers of the Null Arca)","Perfected Null Arca Dagger (Perfected Slivers of the Null Arca)","The Maelstrom's Perfected Greatsword (Perfected Merciless Charge)"," ()","Barbed Trap","Surprise Attack","Killer's Blade","Shadowy Disguise","Relentless Focus","Werewolf Berserker","Twisting Path","Stampede","Dark Shade","Debilitate","Siphoning Attacks","Veil of Blades"
"Lucent Citadel","Defense Prism","https://www.esologs.com/reports/VyvdT4M7BqxRZwFp#fight=40&type=summary&source=8","@Cedrazz","Não Vou Executar","ass-shadow-siphon-perfected-slivers-of-the-null-arca-savage-werewolf","dps","Ass","Shadow","Siphon","Savage Werewolf","Perfected Slivers of the Null Arca","110207.5","10624.0","58.6","110207.5 DPS","","Slimecraw Guise (Slimecraw)","Savage Werewolf's Jack (Savage Werewolf)","Perfected Null Arca Arm Cops (Perfected Slivers of the Null Arca)","Savage Werewolf's Bracers (Savage Werewolf)","","Savage Werewolf's Guards (Savage Werewolf)","Savage Werewolf's Boots (Savage Werewolf)","","Shattered Paths Signet (Shattered Paths Signet)","Perfected Null Arca Ring (Perfected Slivers of the Null Arca)","The Master's Perfected Greatsword (Perfected Titanic Cleave)"," ()","Perfected Null Arca Dagger (Perfected Slivers of the Null Arca)","Perfected Null Arca Dagger (Perfected Slivers of the Null Arca)","Elemental Blockade","Ulfsild's Contingency","Carve","Barbed Trap","Dark Shade","Shooting Star","Surprise Attack","Debilitate","Killer's Blade","Shadowy Disguise","Relentless Focus","Werewolf Berserker"
"Lucent Citadel","Defense Prism","https://www.esologs.com/reports/VyvdT4M7BqxRZwFp#fight=40&type=summary&source=8","@Cedrazz","Não Vou Executar","ass-shadow-siphon-perfected-slivers-of-the-null-arca-savage-werewolf","dps","Ass","Shadow","Siphon","Savage Werewolf","Perfected Slivers of the Null Arca","35539.6","5722.7","30.2","35539.6 DPS","","Slimecraw Guise (Slimecraw)","Savage Werewolf's Jack (Savage Werewolf)","Perfected Null Arca Arm Cops (Perfected Slivers of the Null Arca)","Savage Werewolf's Bracers (Savage Werewolf)","","Savage Werewolf's Guards (Savage Werewolf)","Savage Werewolf's Boots (Savage Werewolf)","","Shattered Paths Signet (Shattered Paths Signet)","Perfected Null Arca Ring (Perfected Slivers of the Null Arca)","The Master's Perfected Greatsword (Perfected Titanic Cleave)"," ()","Perfected Null Arca Dagger (Perfected Slivers of the Null Arca)","Perfected Null Arca Dagger (Perfected Slivers of the Null Arca)","Elemental Blockade","Ulfsild's Contingency","Carve","Barbed Trap","Dark Shade","Shooting Star","Surprise Attack","Debilitate","Killer's Blade","Shadowy Disguise","Relentless Focus","Werewolf Berserker"
"Lucent Citadel","Defense Prism","https://www.esologs.com/reports/VyvdT4M7BqxRZwFp#fight=40&type=summary&source=2","@xindong","Heartthrob jie","ass-shadow-siphon-perfected-slivers-of-the-null-arca-savage-werewolf","dps","Ass","Shadow","Siphon","Perfected Slivers of the Null Arca","Savage Werewolf","131470.6","13694.9","79.3","131470.6 DPS","","Perfected Null Arca Helmet (Perfected Slivers of the Null Arca)","Perfected Null Arca Jack (Perfected Slivers of the Null Arca)","Slimecraw Epaulets (Slimecraw)","Savage Werewolf's Bracers (Savage Werewolf)","","Perfected Null Arca Guards (Perfected Slivers of the Null Arca)","Savage Werewolf's Boots (Savage Werewolf)","","Savage Werewolf's Ring (Savage Werewolf)","Shattered Paths Signet (Shattered Paths Signet)","Perfected Null Arca Dagger (Perfected Slivers of the Null Arca)","Perfected Null Arca Dagger (Perfected Slivers of the Null Arca)","The Maelstrom's Perfected Greatsword (Perfected Merciless Charge)"," ()","Relentless Focus","Shadowy Disguise","Surprise Attack","Killer's Blade","Debilitate","Werewolf Berserker","Barbed Trap","Stampede","Carve","Dark Shade","Siphoning Attacks","Veil of Blades"
"Lucent Citadel","Defense Prism","https://www.esologs.com/reports/VyvdT4M7BqxRZwFp#fight=40&type=summary&source=8","@notsojuicy","Peanut'Butter'Banner'Time","ardent-earthen-x-roar-of-alkosh-zens-redress","dps","Ardent","Earthen","x","Roar of Alkosh","Z'en's Redress","51943.5","10833.1","38.4","51943.5 DPS","","Slimecraw Mask (Slimecraw)","Jack of Alkosh (Roar of Alkosh)","Arm Cops of Alkosh (Roar of Alkosh)","Bracers of Alkosh (Roar of Alkosh)","","Guards of Alkosh (Roar of Alkosh)","Boots of Alkosh (Roar of Alkosh)","","Z'en's Ring (Z'en's Redress)","Z'en's Ring (Z'en's Redress)","Z'en's Dagger (Z'en's Redress)","Z'en's Dagger (Z'en's Redress)","The Maelstrom's Perfected Greatsword (Perfected Merciless Charge)"," ()","Flame Lash","Disintegrating Dragonfire","Magma Fist","Searing Claw","Shattering Knife","Flawless Dawnbreaker","Stampede","Barbed Trap","Shatterspike Mantle","Incinerate","Igneous Weapons","Standard of Might"
"Lucent Citadel","Defense Prism","https://www.esologs.com/reports/VyvdT4M7BqxRZwFp#fight=40&type=summary&source=6","@CosmereConnoissuer","Raids-With-Valor","ardent-earthen-x-roar-of-alkosh-zens-redress","dps","Ardent","Earthen","x","Roar of Alkosh","Z'en's Redress","33502.3","13390.8","31.5","33502.3 DPS","","Slimecraw Mask (Slimecraw)","Jack of Alkosh (Roar of Alkosh)","Z'en's Epaulets (Z'en's Redress)","Bracers of Alkosh (Roar of Alkosh)","","Guards of Alkosh (Roar of Alkosh)","Boots of Alkosh (Roar of Alkosh)","","Z'en's Ring (Z'en's Redress)","Z'en's Ring (Z'en's Redress)","Z'en's Dagger (Z'en's Redress)","Z'en's Dagger (Z'en's Redress)","The Maelstrom's Perfected Greatsword (Perfected Merciless Charge)"," ()","Magma Fist","Molten Whip","Disintegrating Dragonfire","Searing Claw","Soul of Flame","Flawless Dawnbreaker","Stampede","Incinerate","Fire Keeper","Shatterspike Mantle","Igneous Weapons","Standard of Might"
"Lucent Citadel","Defense Prism","https://www.esologs.com/reports/VyvdT4M7BqxRZwFp#fight=40&type=summary&source=6","@CosmereConnoissuer","Raids-With-Valor","ardent-earthen-x-roar-of-alkosh-zens-redress","dps","Ardent","Earthen","x","Roar of Alkosh","Z'en's Redress","40402.0","14149.9","29.9","40402.0 DPS","","Slimecraw Mask (Slimecraw)","Jack of Alkosh (Roar of Alkosh)","Z'en's Epaulets (Z'en's Redress)","Bracers of Alkosh (Roar of Alkosh)","","Guards of Alkosh (Roar of Alkosh)","Boots of Alkosh (Roar of Alkosh)","","Z'en's Ring (Z'en's Redress)","Z'en's Ring (Z'en's Redress)","Z'en's Dagger (Z'en's Redress)","Z'en's Dagger (Z'en's Redress)","The Maelstrom's Perfected Greatsword (Perfected Merciless Charge)"," ()","Magma Fist","Molten Whip","Disintegrating Dragonfire","Searing Claw","Soul of Flame","Flawless Dawnbreaker","Stampede","Incinerate","Fire Keeper","Shatterspike Mantle","Igneous Weapons","Standard of Might"
"Lucent Citadel","Defense Prism","https://www.esologs.com/reports/VyvdT4M7BqxRZwFp#fight=40&type=summary&source=12","@Melina_nyu","Rellan'nyu","ardent-earthen-x-roar-of-alkosh-zens-redress","dps","Ardent","Earthen","x","Roar of Alkosh","Z'en's Redress","99190.0","8213.9","49.9","99190.0 DPS","The Thief","Huntsman's Warmask (Huntsman's Warmask)","Jack of Alkosh (Roar of Alkosh)","Slimecraw Epaulets (Slimecraw)","Bracers of Alkosh (Roar of Alkosh)","","Guards of Alkosh (Roar of Alkosh)","Boots of Alkosh (Roar of Alkosh)","","Z'en's Ring (Z'en's Redress)","Z'en's Ring (Z'en's Redress)","Z'en's Dagger (Z'en's Redress)","Z'en's Dagger (Z'en's Redress)","The Maelstrom's Perfected Greatsword (Perfected Merciless Charge)"," ()","Searing Claw","Disintegrating Dragonfire","Shattering Knife","Quick Cloak","Flame Lash","Flawless Dawnbreaker","Shatterspike Mantle","Barbed Trap","Igneous Weapons","Incinerate","Stampede","Standard of Might"
"Lucent Citadel","Defense Prism","https://www.esologs.com/reports/VyvdT4M7BqxRZwFp#fight=40&type=summary&source=12","@Melina_nyu","Rellan'nyu","ardent-earthen-x-roar-of-alkosh-zens-redress","dps","Ardent","Earthen","x","Roar of Alkosh","Z'en's Redress","50306.9","9855.4","39.4","50306.9 DPS","","Helmet of Alkosh (Roar of Alkosh)","Jack of Alkosh (Roar of Alkosh)","Slimecraw Arm Cops (Slimecraw)","Bracers of Alkosh (Roar of Alkosh)","","Guards of Alkosh (Roar of Alkosh)","Boots of Alkosh (Roar of Alkosh)","","Z'en's Ring (Z'en's Redress)","Z'en's Ring (Z'en's Redress)","Z'en's Dagger (Z'en's Redress)","Z'en's Dagger (Z'en's Redress)","The Maelstrom's Perfected Greatsword (Perfected Merciless Charge)"," ()","Searing Claw","Disintegrating Dragonfire","Shattering Knife","Quick Cloak","Flame Lash","Flawless Dawnbreaker","Shatterspike Mantle","Barbed Trap","Igneous Weapons","Incinerate","Stampede","Standard of Might"
"Lucent Citadel","Defense Prism","https://www.esologs.com/reports/VyvdT4M7BqxRZwFp#fight=40&type=summary&source=8","@RestfulTester","Restful Dragon","ardent-earthen-x-roar-of-alkosh-zens-redress","dps","Ardent","Earthen","x","Roar of Alkosh","Z'en's Redress","69089.1","10545.7","40.9","69089.1 DPS","","Slimecraw Mask (Slimecraw)","Jack of Alkosh (Roar of Alkosh)","Z'en's Epaulets (Z'en's Redress)","Bracers of Alkosh (Roar of Alkosh)","","Guards of Alkosh (Roar of Alkosh)","Boots of Alkosh (Roar of Alkosh)","","Z'en's Ring (Z'en's Redress)","Z'en's Ring (Z'en's Redress)","Z'en's Dagger (Z'en's Redress)","Z'en's Dagger (Z'en's Redress)","The Maelstrom's Perfected Greatsword (Perfected Merciless Charge)"," ()","Barbed Trap","Shattering Knife","Flame Lash","Searing Claw","Magma Fist","Flawless Dawnbreaker","Stampede","Disintegrating Dragonfire","Shatterspike Mantle","Igneous Weapons","Incinerate","Standard of Might"
"Lucent Citadel","Defense Prism","https://www.esologs.com/reports/VyvdT4M7BqxRZwFp#fight=40&type=summary&source=8","@RestfulTester","Restful Dragon","ardent-earthen-x-roar-of-alkosh-zens-redress","dps","Ardent","Earthen","x","Roar of Alkosh","Z'en's Redress","21700.4","12135.3","16.4","21700.4 DPS","","Slimecraw Mask (Slimecraw)","Jack of Alkosh (Roar of Alkosh)","Z'en's Epaulets (Z'en's Redress)","Bracers of Alkosh (Roar of Alkosh)","","Guards of Alkosh (Roar of Alkosh)","Boots of Alkosh (Roar of Alkosh)","","Z'en's Ring (Z'en's Redress)","Z'en's Ring (Z'en's Redress)","Z'en's Dagger (Z'en's Redress)","Z'en's Dagger (Z'en's Redress)","The Maelstrom's Perfected Greatsword (Perfected Merciless Charge)"," ()","Barbed Trap","Shattering Knife","Flame Lash","Searing Claw","Magma Fist","Flawless Dawnbreaker","Stampede","Disintegrating Dragonfire","Shatterspike Mantle","Igneous Weapons","Incinerate","Standard of Might"
"Lucent Citadel","Defense Prism","https://www.esologs.com/reports/VyvdT4M7BqxRZwFp#fight=40&type=summary&source=6","@Vertifyx","Incinëroar","ardent-earthen-x-roar-of-alkosh-zens-redress","dps","Ardent","Earthen","x","Roar of Alkosh","Z'en's Redress","59122.8","10639.7","41.4","59122.8 DPS","","Slimecraw Mask (Slimecraw)","Jack of Alkosh (Roar of Alkosh)","Z'en's Epaulets (Z'en's Redress)","Bracers of Alkosh (Roar of Alkosh)","","Guards of Alkosh (Roar of Alkosh)","Boots of Alkosh (Roar of Alkosh)","","Z'en's Ring (Z'en's Redress)","Z'en's Ring (Z'en's Redress)","Z'en's Dagger (Z'en's Redress)","Z'en's Dagger (Z'en's Redress)","The Maelstrom's Perfected Greatsword (Perfected Merciless Charge)"," ()","Magma Fist","Barbed Trap","Magic Knife","Quick Cloak","Camouflaged Hunter","Flawless Dawnbreaker","Stampede","Searing Claw","Disintegrating Dragonfire","Incinerate","Igneous Weapons","Standard of Might"
"Lucent Citadel","Defense Prism","https://www.esologs.com/reports/b2kAayxvgfpFB3qm#fight=21&type=summary&source=20","@WolfAtHeart","Zakar-dro","ass-shadow-siphon-aegis-caller-perfected-slivers-of-the-null-arca","dps","Ass","Shadow","Siphon","Perfected Slivers of the Null Arca","Aegis Caller","50606.9","5736.6","38.7","50606.9 DPS","","Zaan Mask (Zaan)","Perfected Null Arca Jack (Perfected Slivers of the Null Arca)","Aegis Caller's Arm Cops (Aegis Caller)","Perfected Null Arca Bracers (Perfected Slivers of the Null Arca)","","Perfected Null Arca Guards (Perfected Slivers of the Null Arca)","Perfected Null Arca Boots (Perfected Slivers of the Null Arca)","","Aegis Caller's Ring (Aegis Caller)","Aegis Caller's Ring (Aegis Caller)","Aegis Caller's Dagger (Aegis Caller)","Aegis Caller's Dagger (Aegis Caller)","The Maelstrom's Perfected Greatsword (Perfected Merciless Charge)"," ()","Killer's Blade","Shadowy Disguise","Surprise Attack","Debilitate","Merciless Resolve","Shooting Star","Siphoning Attacks","Stampede","Carve","Barbed Trap","Dark Shade","Incapacitating Strike"
"Lucent Citadel","Defense Prism","https://www.esologs.com/reports/b2kAayxvgfpFB3qm#fight=21&type=summary&source=6","@ElectroSfere","Hunter Of Loners","ass-shadow-siphon-aegis-caller-perfected-slivers-of-the-null-arca","dps","Ass","Shadow","Siphon","Perfected Slivers of the Null Arca","Aegis Caller","104297.2","11592.9","57.8","104297.2 DPS","","Huntsman's Warmask (Huntsman's Warmask)","Perfected Null Arca Jack (Perfected Slivers of the Null Arca)","Grundwulf Epaulets (Grundwulf)","Perfected Null Arca Bracers (Perfected Slivers of the Null Arca)","","Perfected Null Arca Guards (Perfected Slivers of the Null Arca)","Perfected Null Arca Boots (Perfected Slivers of the Null Arca)","","Aegis Caller's Ring (Aegis Caller)","Aegis Caller's Ring (Aegis Caller)","Aegis Caller's Dagger (Aegis Caller)","Aegis Caller's Dagger (Aegis Caller)","The Maelstrom's Greatsword (Merciless Charge)"," ()","Surprise Attack","Shadowy Disguise","Relentless Focus","Killer's Blade","Debilitate","Incapacitating Strike","Stampede","Carve","Barbed Trap","Dark Shade","Ulfsild's Contingency","Veil of Blades"
"Lucent Citadel","Defense Prism","https://www.esologs.com/reports/b2kAayxvgfpFB3qm#fight=21&type=summary&source=1","@ja.mes","skooma caffeine combo","ass-shadow-siphon-aegis-caller-perfected-slivers-of-the-null-arca","dps","Ass","Shadow","Siphon","Perfected Slivers of the Null Arca","Aegis Caller","121073.3","9350.5","68.4","121073.3 DPS","The Thief","Huntsman's Warmask (Huntsman's Warmask)","Perfected Null Arca Jack (Perfected Slivers of the Null Arca)","Slimecraw Epaulets (Slimecraw)","Perfected Null Arca Bracers (Perfected Slivers of the Null Arca)","","Perfected Null Arca Guards (Perfected Slivers of the Null Arca)","Perfected Null Arca Boots (Perfected Slivers of the Null Arca)","","Aegis Caller's Ring (Aegis Caller)","Aegis Caller's Ring (Aegis Caller)","Aegis Caller's Dagger (Aegis Caller)","Aegis Caller's Dagger (Aegis Caller)","The Maelstrom's Perfected Greatsword (Perfected Merciless Charge)"," ()","Killer's Blade","Surprise Attack","Debilitate","Relentless Focus","Shadowy Disguise","Incapacitating Strike","Carve","Stampede","Dark Shade","Barbed Trap","Siphoning Attacks","Shooting Star"
"Lucent Citadel","Defense Prism","https://www.esologs.com/reports/b2kAayxvgfpFB3qm#fight=21&type=summary&source=7","@TameTheGoldenOne","Skywrath Blade","ass-shadow-siphon-aegis-caller-perfected-slivers-of-the-null-arca","dps","Ass","Shadow","Siphon","Aegis Caller","Perfected Slivers of the Null Arca","103534.9","11472.8","51.6","103534.9 DPS","","Huntsman's Warmask (Huntsman's Warmask)","Aegis Caller's Jack (Aegis Caller)","Slimecraw Epaulets (Slimecraw)","Perfected Null Arca Bracers (Perfected Slivers of the Null Arca)","","Perfected Null Arca Guards (Perfected Slivers of the Null Arca)","Aegis Caller's Boots (Aegis Caller)","","Perfected Null Arca Ring (Perfected Slivers of the Null Arca)","Perfected Null Arca Ring (Perfected Slivers of the Null Arca)","Aegis Caller's Dagger (Aegis Caller)","Aegis Caller's Dagger (Aegis Caller)","The Maelstrom's Greatsword (Merciless Charge)"," ()","Killer's Blade","Debilitate","Surprise Attack","Relentless Focus","Shadowy Disguise","Incapacitating Strike","Stampede","Carve","Barbed Trap","Dark Shade","Ulfsild's Contingency","Shooting Star"
"Lucent Citadel","Defense Prism","https://www.esologs.com/reports/b2kAayxvgfpFB3qm#fight=21&type=summary&source=1","@ja.mes","skooma caffeine combo","ass-shadow-siphon-aegis-caller-perfected-slivers-of-the-null-arca","dps","Ass","Shadow","Siphon","Perfected Slivers of the Null Arca","Aegis Caller","57524.4","3976.3","60.9","57524.4 DPS","","Huntsman's Warmask (Huntsman's Warmask)","Perfected Null Arca Jack (Perfected Slivers of the Null Arca)","Slimecraw Epaulets (Slimecraw)","Perfected Null Arca Bracers (Perfected Slivers of the Null Arca)","","Perfected Null Arca Guards (Perfected Slivers of the Null Arca)","Perfected Null Arca Boots (Perfected Slivers of the Null Arca)","","Aegis Caller's Ring (Aegis Caller)","Aegis Caller's Ring (Aegis Caller)","Aegis Caller's Dagger (Aegis Caller)","Aegis Caller's Dagger (Aegis Caller)","The Maelstrom's Perfected Greatsword (Perfected Merciless Charge)"," ()","Killer's Blade","Surprise Attack","Debilitate","Relentless Focus","Shadowy Disguise","Incapacitating Strike","Carve","Stampede","Dark Shade","Barbed Trap","Siphoning Attacks","Shooting Star"
"Lucent Citadel","Defense Prism","https://www.esologs.com/reports/b2kAayxvgfpFB3qm#fight=21&type=summary&source=7","@TameTheGoldenOne","Skywrath Blade","ass-shadow-siphon-aegis-caller-perfected-slivers-of-the-null-arca","dps","Ass","Shadow","Siphon","Aegis Caller","Perfected Slivers of the Null Arca","34772.6","5745.6","30.8","34772.6 DPS","","Huntsman's Warmask (Huntsman's Warmask)","Aegis Caller's Jack (Aegis Caller)","Slimecraw Epaulets (Slimecraw)","Perfected Null Arca Bracers (Perfected Slivers of the Null Arca)","","Perfected Null Arca Guards (Perfected Slivers of the Null Arca)","Aegis Caller's Boots (Aegis Caller)","","Perfected Null Arca Ring (Perfected Slivers of the Null Arca)","Perfected Null Arca Ring (Perfected Slivers of the Null Arca)","Aegis Caller's Dagger (Aegis Caller)","Aegis Caller's Dagger (Aegis Caller)","The Maelstrom's Greatsword (Merciless Charge)"," ()","Killer's Blade","Debilitate","Surprise Attack","Relentless Focus","Shadowy Disguise","Incapacitating Strike","Stampede","Carve","Barbed Trap","Dark Shade","Ulfsild's Contingency","Shooting Star"
"Lucent Citadel","Defense Prism","https://www.esologs.com/reports/b2kAayxvgfpFB3qm#fight=21&type=summary&source=3","@ElectroSfere","Offline","ass-shadow-siphon-aegis-caller-perfected-slivers-of-the-null-arca","dps","Ass","Shadow","Siphon","Perfected Slivers of the Null Arca","Aegis Caller","98321.1","12487.9","55.5","98321.1 DPS","","Huntsman's Warmask (Huntsman's Warmask)","Perfected Null Arca Jack (Perfected Slivers of the Null Arca)","Grundwulf Epaulets (Grundwulf)","Perfected Null Arca Bracers (Perfected Slivers of the Null Arca)","","Perfected Null Arca Guards (Perfected Slivers of the Null Arca)","Perfected Null Arca Boots (Perfected Slivers of the Null Arca)","","Aegis Caller's Ring (Aegis Caller)","Aegis Caller's Ring (Aegis Caller)","Aegis Caller's Dagger (Aegis Caller)","Aegis Caller's Dagger (Aegis Caller)","The Maelstrom's Greatsword (Merciless Charge)"," ()","Surprise Attack","Shadowy Disguise","Relentless Focus","Killer's Blade","Debilitate","Incapacitating Strike","Stampede","Carve","Barbed Trap","Dark Shade","Ulfsild's Contingency","Veil of Blades"
"Lucent Citadel","Defense Prism","https://www.esologs.com/reports/VyvdT4M7BqxRZwFp#fight=40&type=summary&source=14","@JuicyJelly","Kek Cro","bone-grave-herald-corpseburster-perfected-slivers-of-the-null-arca","dps","Grave","Bone","Herald","Perfected Slivers of the Null Arca","Corpseburster","65909.7","11513.5","46.1","65909.7 DPS","","Slimecraw Mask (Slimecraw)","Perfected Null Arca Jack (Perfected Slivers of the Null Arca)","Perfected Null Arca Arm Cops (Perfected Slivers of the Null Arca)","Perfected Null Arca Bracers (Perfected Slivers of the Null Arca)","","Perfected Null Arca Guards (Perfected Slivers of the Null Arca)","Perfected Null Arca Boots (Perfected Slivers of the Null Arca)","","Corpseburster Ring (Corpseburster)","Corpseburster Ring (Corpseburster)","Corpseburster Dagger (Corpseburster)","Corpseburster Dagger (Corpseburster)","The Maelstrom's Perfected Greatsword (Perfected Merciless Charge)"," ()","Detonating Siphon","Blighted Blastbones","Venom Skull","Unnerving Boneyard","Banner Bearer","Pummeling Goliath","Stampede","Carve","Ulfsild's Contingency","Skeletal Archer","Banner Bearer","Glacial Colossus"
"Lucent Citadel","Defense Prism","https://www.esologs.com/reports/VyvdT4M7BqxRZwFp#fight=40&type=summary&source=4","@Glorious_ufs","Enlightened man","bone-grave-herald-corpseburster-perfected-slivers-of-the-null-arca","dps","Grave","Bone","Herald","Perfected Slivers of the Null Arca","Corpseburster","114780.7","7030.5","63.7","114780.7 DPS","","Huntsman's Warmask (Huntsman's Warmask)","Perfected Null Arca Jack (Perfected Slivers of the Null Arca)","Zaan Epaulets (Zaan)","Perfected Null Arca Bracers (Perfected Slivers of the Null Arca)","","Perfected Null Arca Guards (Perfected Slivers of the Null Arca)","Perfected Null Arca Boots (Perfected Slivers of the Null Arca)","","Corpseburster Ring (Corpseburster)","Corpseburster Ring (Corpseburster)","Corpseburster Dagger (Corpseburster)","Corpseburster Dagger (Corpseburster)","The Maelstrom's Perfected Greatsword (Perfected Merciless Charge)"," ()","Venom Skull","Blighted Blastbones","Unnerving Boneyard","Banner Bearer","Detonating Siphon","Flawless Dawnbreaker","Stampede","Carve","Skeletal Archer","Banner Bearer","Barbed Trap","Pummeling Goliath"
"Lucent Citadel","Defense Prism","https://www.esologs.com/reports/VyvdT4M7BqxRZwFp#fight=40&type=summary&source=4","@DonMattios17895","Boneyard of Broken Dreams","bone-grave-herald-corpseburster-perfected-slivers-of-the-null-arca","dps","Grave","Bone","Herald","Perfected Slivers of the Null Arca","Corpseburster","109392.9","3001.5","49.7","109392.9 DPS","","The Blind Mask (The Blind)","Perfected Null Arca Jack (Perfected Slivers of the Null Arca)","Corpseburster Arm Cops (Corpseburster)","Perfected Null Arca Bracers (Perfected Slivers of the Null Arca)","","Perfected Null Arca Guards (Perfected Slivers of the Null Arca)","Perfected Null Arca Boots (Perfected Slivers of the Null Arca)","","Corpseburster Ring (Corpseburster)","Corpseburster Ring (Corpseburster)","Corpseburster Dagger (Corpseburster)","Corpseburster Dagger (Corpseburster)","The Maelstrom's Perfected Greatsword (Perfected Merciless Charge)"," ()","Banner Bearer","Blighted Blastbones","Unnerving Boneyard","Shattering Knife","Detonating Siphon","Pestilent Colossus","Necrotic Potency","Stampede","Carve","Skeletal Arcanist","Banner Bearer","Shooting Star"
"Lucent Citadel","Defense Prism","https://www.esologs.com/reports/VyvdT4M7BqxRZwFp#fight=40&type=summary&source=4","@DonMattios17895","Boneyard of Broken Dreams","bone-grave-herald-corpseburster-perfected-slivers-of-the-null-arca","dps","Grave","Bone","Herald","Perfected Slivers of the Null Arca","Corpseburster","59190.2","1686.9","45.0","59190.2 DPS","","The Blind Mask (The Blind)","Perfected Null Arca Jack (Perfected Slivers of the Null Arca)","Corpseburster Arm Cops (Corpseburster)","Perfected Null Arca Bracers (Perfected Slivers of the Null Arca)","","Perfected Null Arca Guards (Perfected Slivers of the Null Arca)","Perfected Null Arca Boots (Perfected Slivers of the Null Arca)","","Corpseburster Ring (Corpseburster)","Corpseburster Ring (Corpseburster)","Corpseburster Dagger (Corpseburster)","Corpseburster Dagger (Corpseburster)","The Maelstrom's Perfected Greatsword (Perfected Merciless Charge)"," ()","Banner Bearer","Blighted Blastbones","Unnerving Boneyard","Shattering Knife","Detonating Siphon","Pestilent Colossus","Necrotic Potency","Stampede","Carve","Skeletal Arcanist","Banner Bearer","Shooting Star"
"Lucent Citadel","Defense Prism","https://www.esologs.com/reports/VyvdT4M7BqxRZwFp#fight=40&type=summary&source=35","@Enni12399","Karthus Passive is my Ult","bone-grave-herald-corpseburster-perfected-slivers-of-the-null-arca","dps","Grave","Bone","Herald","Corpseburster","Perfected Slivers of the Null Arca","119385.9","4059.2","39.4","119385.9 DPS","","Corpseburster Helmet (Corpseburster)","Perfected Null Arca Jack (Perfected Slivers of the Null Arca)","Slimecraw Epaulets (Slimecraw)","Perfected Null Arca Bracers (Perfected Slivers of the Null Arca)","","Perfected Null Arca Guards (Perfected Slivers of the Null Arca)","Perfected Null Arca Boots (Perfected Slivers of the Null Arca)","","Corpseburster Ring (Corpseburster)","Corpseburster Ring (Corpseburster)","Corpseburster Dagger (Corpseburster)","Corpseburster Dagger (Corpseburster)","The Maelstrom's Perfected Greatsword (Perfected Merciless Charge)"," ()","Venom Skull","Blighted Blastbones","Detonating Siphon","Unnerving Boneyard","Banner Bearer","Glacial Colossus","Necrotic Potency","Carve","Stampede","Skeletal Archer","Banner Bearer","Glacial Colossus"
"Lucent Citadel","Defense Prism","https://www.esologs.com/reports/VyvdT4M7BqxRZwFp#fight=40&type=summary&source=11","@Glorious_ufs","Enlightened man","bone-grave-herald-corpseburster-perfected-slivers-of-the-null-arca","tank","Grave","Bone","Herald","Perfected Slivers of the Null Arca","Corpseburster","130537.4","9933.2","61.1","61.1 CPM","The Atronach","Huntsman's Warmask (Huntsman's Warmask)","Perfected Null Arca Jack (Perfected Slivers of the Null Arca)","Zaan Epaulets (Zaan)","Perfected Null Arca Bracers (Perfected Slivers of the Null Arca)","","Perfected Null Arca Guards (Perfected Slivers of the Null Arca)","Perfected Null Arca Boots (Perfected Slivers of the Null Arca)","","Corpseburster Ring (Corpseburster)","Corpseburster Ring (Corpseburster)","Corpseburster Dagger (Corpseburster)","Corpseburster Dagger (Corpseburster)","The Maelstrom's Perfected Greatsword (Perfected Merciless Charge)"," ()","Venom Skull","Blighted Blastbones","Unnerving Boneyard","Banner Bearer","Detonating Siphon","Flawless Dawnbreaker","Stampede","Carve","Skeletal Archer","Banner Bearer","Barbed Trap","Pummeling Goliath"
"Lucent Citadel","Defense Prism","https://www.esologs.com/reports/VyvdT4M7BqxRZwFp#fight=40&type=summary&source=9","@Smick_94","Nela Beda","grave-x-x-corpseburster-perfected-slivers-of-the-null-arca","dps","Grave","x","x","Perfected Slivers of the Null Arca","Corpseburster","68946.7","11863.1","36.8","68946.7 DPS","","Slimecraw Mask (Slimecraw)","Perfected Null Arca Jack (Perfected Slivers of the Null Arca)","Corpseburster Arm Cops (Corpseburster)","Perfected Null Arca Bracers (Perfected Slivers of the Null Arca)","","Perfected Null Arca Guards (Perfected Slivers of the Null Arca)","Perfected Null Arca Boots (Perfected Slivers of the Null Arca)","","Corpseburster Ring (Corpseburster)","Corpseburster Ring (Corpseburster)","Corpseburster Dagger (Corpseburster)","Corpseburster Dagger (Corpseburster)","The Maelstrom's Perfected Greatsword (Perfected Merciless Charge)"," ()","Blighted Blastbones","Venom Skull","Unnerving Boneyard","Detonating Siphon","Banner Bearer","Glacial Colossus","Stampede","Anti-Cavalry Caltrops","Barbed Trap","Skeletal Archer","Banner Bearer","Shooting Star"
"Lucent Citadel","Defense Prism","https://www.esologs.com/reports/VyvdT4M7BqxRZwFp#fight=40&type=summary&source=4","@Jaegeron","Gurslag Soul-Corruptor","grave-x-x-corpseburster-perfected-slivers-of-the-null-arca","dps","Grave","x","x","Corpseburster","Perfected Slivers of the Null Arca","70679.8","6593.5","53.5","70679.8 DPS","","Corpseburster Helmet (Corpseburster)","Perfected Null Arca Jack (Perfected Slivers of the Null Arca)","Slimecraw Arm Cops (Slimecraw)","Perfected Null Arca Bracers (Perfected Slivers of the Null Arca)","","Perfected Null Arca Guards (Perfected Slivers of the Null Arca)","Perfected Null Arca Boots (Perfected Slivers of the Null Arca)","","Corpseburster Ring (Corpseburster)","Corpseburster Ring (Corpseburster)","Corpseburster Dagger (Corpseburster)","Corpseburster Dagger (Corpseburster)","The Maelstrom's Perfected Greatsword (Perfected Merciless Charge)"," ()","Venom Skull","Avid Boneyard","Blighted Blastbones","Detonating Siphon","Banner Bearer","Flawless Dawnbreaker","Resolving Vigor","Ulfsild's Contingency","Stampede","Skeletal Archer","Banner Bearer","Glacial Colossus"
"Lucent Citadel","Defense Prism","https://www.esologs.com/reports/VyvdT4M7BqxRZwFp#fight=40&type=summary&source=4","@Jaegeron","Gurslag Soul-Corruptor","grave-x-x-corpseburster-perfected-slivers-of-the-null-arca","dps","Grave","x","x","Corpseburster","Perfected Slivers of the Null Arca","82103.9","5902.1","51.8","82103.9 DPS","","Corpseburster Helmet (Corpseburster)","Perfected Null Arca Jack (Perfected Slivers of the Null Arca)","Slimecraw Arm Cops (Slimecraw)","Perfected Null Arca Bracers (Perfected Slivers of the Null Arca)","","Perfected Null Arca Guards (Perfected Slivers of the Null Arca)","Perfected Null Arca Boots (Perfected Slivers of the Null Arca)","","Corpseburster Ring (Corpseburster)","Corpseburster Ring (Corpseburster)","Corpseburster Dagger (Corpseburster)","Corpseburster Dagger (Corpseburster)","The Maelstrom's Perfected Greatsword (Perfected Merciless Charge)"," ()","Venom Skull","Avid Boneyard","Blighted Blastbones","Detonating Siphon","Banner Bearer","Flawless Dawnbreaker","Resolving Vigor","Ulfsild's Contingency","Stampede","Skeletal Archer","Banner Bearer","Glacial Colossus"
"Lucent Citadel","Defense Prism","https://www.esologs.com/reports/VyvdT4M7BqxRZwFp#fight=40&type=summary&source=7","@LeopardoColorido","Jimim do Dps","grave-x-x-corpseburster-perfected-slivers-of-the-null-arca","dps","Grave","x","x","Perfected Slivers of the Null Arca","Corpseburster","107045.0","10196.3","35.1","107045.0 DPS","The Thief","Perfected Null Arca Helmet (Perfected Slivers of the Null Arca)","Corpseburster Jack (Corpseburster)","Slimecraw Arm Cops (Slimecraw)","Perfected Null Arca Bracers (Perfected Slivers of the Null Arca)","","Perfected Null Arca Guards (Perfected Slivers of the Null Arca)","Corpseburster Boots (Corpseburster)","","Corpseburster Ring (Corpseburster)","Corpseburster Ring (Corpseburster)","Perfected Null Arca Dagger (Perfected Slivers of the Null Arca)","Perfected Null Arca Dagger (Perfected Slivers of the Null Arca)","The Maelstrom's Perfected Greatsword (Perfected Merciless Charge)"," ()","Blighted Blastbones","Venom Skull","Avid Boneyard","Detonating Siphon","Banner Bearer","Flawless Dawnbreaker","Stampede","Barbed Trap","Ulfsild's Contingency","Skeletal Arcanist","Banner Bearer","Shooting Star"
"Lucent Citadel","Defense Prism","https://www.esologs.com/reports/VyvdT4M7BqxRZwFp#fight=40&type=summary&source=10","@chicken13322","Swampkrack","grave-x-x-corpseburster-perfected-slivers-of-the-null-arca","dps","Grave","x","x","Perfected Slivers of the Null Arca","Corpseburster","59539.4","4793.9","24.7","59539.4 DPS",""," ()","Perfected Null Arca Jack (Perfected Slivers of the Null Arca)","Perfected Null Arca Arm Cops (Perfected Slivers of the Null Arca)","Perfected Null Arca Bracers (Perfected Slivers of the Null Arca)","","Perfected Null Arca Guards (Perfected Slivers of the Null Arca)","Perfected Null Arca Boots (Perfected Slivers of the Null Arca)","","Corpseburster Ring (Corpseburster)","Corpseburster Ring (Corpseburster)","The Maelstrom's Perfected Inferno Staff (Perfected Crushing Wall)"," ()","Corpseburster Dagger (Corpseburster)","Corpseburster Dagger (Corpseburster)","Anti-Cavalry Caltrops","Elude","Skeletal Archer","Elemental Blockade","Banner Bearer","Shooting Star","Blighted Blastbones","Detonating Siphon","Venom Skull","Avid Boneyard","Banner Bearer","Flawless Dawnbreaker"
"Lucent Citadel","Defense Prism","https://www.esologs.com/reports/k9wb3RVGmJD2Xfp7#fight=29&type=summary&source=8","@SnS_Scorpio","Valetudo Borealis","animal-green-winter-perfected-lucent-echoes-perfected-xoryns-masterpiece","tank","Animal","Green","Winter","Perfected Xoryn's Masterpiece","Perfected Lucent Echoes","3582.1","13967.7","32.6","32.6 CPM","","Baron Zaudrus Visage (Baron Zaudrus)","Lucent Echoes Perfected Cuirass (Perfected Lucent Echoes)","Baron Zaudrus Pauldron (Baron Zaudrus)","Lucent Echoes Perfected Gauntlets (Perfected Lucent Echoes)","","Lucent Echoes Perfected Greaves (Perfected Lucent Echoes)","Lucent Echoes Perfected Sabatons (Perfected Lucent Echoes)","","Xoryn's Perfected Ring (Perfected Xoryn's Masterpiece)","Xoryn's Perfected Ring (Perfected Xoryn's Masterpiece)","Xoryn's Perfected Ice Staff (Perfected Xoryn's Masterpiece)"," ()","Xoryn's Perfected Ice Staff (Perfected Xoryn's Masterpiece)"," ()","Elemental Susceptibility","Charging Maneuver","Budding Seeds","Polar Wind","Bull Netch","Reviving Barrier","Inner Rage","Elemental Blockade","Expansive Frost Cloak","Echoing Vigor","Ulfsild's Contingency","Aggressive Horn"
"Lucent Citadel","Defense Prism","https://www.esologs.com/reports/k9wb3RVGmJD2Xfp7#fight=29&type=summary&source=8","@SnS_Scorpio","Valetudo Borealis","animal-green-winter-perfected-lucent-echoes-perfected-xoryns-masterpiece","tank","Animal","Green","Winter","Perfected Xoryn's Masterpiece","Perfected Lucent Echoes","4424.9","13923.9","33.1","33.1 CPM","","Baron Zaudrus Visage (Baron Zaudrus)","Lucent Echoes Perfected Cuirass (Perfected Lucent Echoes)","Baron Zaudrus Pauldron (Baron Zaudrus)","Lucent Echoes Perfected Gauntlets (Perfected Lucent Echoes)","","Lucent Echoes Perfected Greaves (Perfected Lucent Echoes)","Lucent Echoes Perfected Sabatons (Perfected Lucent Echoes)","","Xoryn's Perfected Ring (Perfected Xoryn's Masterpiece)","Xoryn's Perfected Ring (Perfected Xoryn's Masterpiece)","Xoryn's Perfected Ice Staff (Perfected Xoryn's Masterpiece)"," ()","Xoryn's Perfected Ice Staff (Perfected Xoryn's Masterpiece)"," ()","Elemental Susceptibility","Charging Maneuver","Budding Seeds","Polar Wind","Bull Netch","Reviving Barrier","Inner Rage","Elemental Blockade","Expansive Frost Cloak","Echoing Vigor","Ulfsild's Contingency","Aggressive Horn"
"Lucent Citadel","Defense Prism","https://www.esologs.com/reports/k9wb3RVGmJD2Xfp7#fight=29&type=summary&source=33","@MumenR1der","Gungńir","animal-green-winter-perfected-lucent-echoes-perfected-xoryns-masterpiece","tank","Animal","Green","Winter","Perfected Xoryn's Masterpiece","Perfected Lucent Echoes","7382.8","15555.1","60.5","60.5 CPM","","Chokethorn Mask (Chokethorn)","Cryptcanon Vestments (Cryptcanon Vestments)","Lucent Echoes Perfected Pauldrons (Perfected Lucent Echoes)","Lucent Echoes Perfected Gauntlets (Perfected Lucent Echoes)","","Lucent Echoes Perfected Greaves (Perfected Lucent Echoes)","Lucent Echoes Perfected Sabatons (Perfected Lucent Echoes)","","Xoryn's Perfected Ring (Perfected Xoryn's Masterpiece)","Xoryn's Perfected Ring (Perfected Xoryn's Masterpiece)","Xoryn's Perfected Ice Staff (Perfected Xoryn's Masterpiece)"," ()","Xoryn's Perfected Ice Staff (Perfected Xoryn's Masterpiece)"," ()","Inner Rage","Budding Seeds","Ulfsild's Contingency","Polar Wind","Revealing Flare","Eternal Guardian","Elemental Blockade","Charging Maneuver","Winter's Revenge","Expansive Frost Cloak","Elemental Susceptibility","Eternal Guardian"
"Lucent Citadel","Defense Prism","https://www.esologs.com/reports/k9wb3RVGmJD2Xfp7#fight=29&type=summary&source=33","@MumenR1der","Gungńir","animal-green-winter-perfected-lucent-echoes-perfected-xoryns-masterpiece","tank","Animal","Green","Winter","Perfected Xoryn's Masterpiece","Perfected Lucent Echoes","7728.3","17233.7","60.7","60.7 CPM","The Atronach","Chokethorn Mask (Chokethorn)","Cryptcanon Vestments (Cryptcanon Vestments)","Lucent Echoes Perfected Pauldrons (Perfected Lucent Echoes)","Lucent Echoes Perfected Gauntlets (Perfected Lucent Echoes)","","Lucent Echoes Perfected Greaves (Perfected Lucent Echoes)","Lucent Echoes Perfected Sabatons (Perfected Lucent Echoes)","","Xoryn's Perfected Ring (Perfected Xoryn's Masterpiece)","Xoryn's Perfected Ring (Perfected Xoryn's Masterpiece)","Xoryn's Perfected Ice Staff (Perfected Xoryn's Masterpiece)"," ()","Xoryn's Perfected Ice Staff (Perfected Xoryn's Masterpiece)"," ()","Inner Rage","Budding Seeds","Ulfsild's Contingency","Polar Wind","Revealing Flare","Eternal Guardian","Elemental Blockade","Charging Maneuver","Winter's Revenge","Expansive Frost Cloak","Elemental Susceptibility","Eternal Guardian"
"Lucent Citadel","Defense Prism","https://www.esologs.com/reports/2Xn9fhmjGKcgya3t#fight=38&type=summary&source=64","@SilverLiss","Bees and flies do it","animal-green-winter-master-architect-serpents-disdain","healer","Animal","Green","Winter","Serpent's Disdain","Master Architect","5060.8","48702.4","44.8","48702.4 HPS","","The Blind Guise (The Blind)","Jerkin of Serpent's Disdain (Serpent's Disdain)","The Blind Epaulets (The Blind)","Gloves of Serpent's Disdain (Serpent's Disdain)","","Breeches of Serpent's Disdain (Serpent's Disdain)","Shoes of Serpent's Disdain (Serpent's Disdain)","","Master Architect Ring (Master Architect)","Master Architect Ring (Master Architect)","The Master's Perfected Restoration Staff (Perfected Grand Rejuvenation)"," ()","Master Architect Ice Staff (Master Architect)"," ()","Radiating Regeneration","Combat Prayer","Illustrious Healing","Budding Seeds","Energy Orb","Wild Guardian","Elemental Blockade","Elemental Susceptibility","Winter's Revenge","Green Lotus","Expansive Frost Cloak","Reviving Barrier"
"Lucent Citadel","Defense Prism","https://www.esologs.com/reports/2Xn9fhmjGKcgya3t#fight=38&type=summary&source=14","@janGatmanjan","Carisina Songsiren","animal-green-winter-master-architect-serpents-disdain","healer","Animal","Green","Winter","Serpent's Disdain","Master Architect","5887.9","66226.6","41.9","66226.6 HPS","","Symphony of Blades Guise (Symphony of Blades)","Cuirass of Serpent's Disdain (Serpent's Disdain)","Symphony of Blades Arm Cops (Symphony of Blades)","Gloves of Serpent's Disdain (Serpent's Disdain)","","Master Architect Breeches (Master Architect)","Shoes of Serpent's Disdain (Serpent's Disdain)","","Ring of the Wild Hunt (Ring of the Wild Hunt)","Master Architect Ring (Master Architect)","Master Architect Restoration Staff (Master Architect)"," ()","Ice Staff of Serpent's Disdain (Serpent's Disdain)"," ()","Budding Seeds","Illustrious Healing","Combat Prayer","Radiating Regeneration","Echoing Vigor","Reviving Barrier","Expansive Frost Cloak","Ulfsild's Contingency","Elemental Susceptibility","Elemental Blockade","Energy Orb","Wild Guardian"
"Lucent Citadel","Defense Prism","https://www.esologs.com/reports/2Xn9fhmjGKcgya3t#fight=38&type=summary&source=14","@janGatmanjan","Carisina Songsiren","animal-green-winter-master-architect-serpents-disdain","healer","Animal","Green","Winter","Serpent's Disdain","Master Architect","6928.5","63713.3","35.1","63713.3 HPS","The Ritual","Symphony of Blades Guise (Symphony of Blades)","Cuirass of Serpent's Disdain (Serpent's Disdain)","Symphony of Blades Arm Cops (Symphony of Blades)","Gloves of Serpent's Disdain (Serpent's Disdain)","","Master Architect Breeches (Master Architect)","Shoes of Serpent's Disdain (Serpent's Disdain)","","Ring of the Wild Hunt (Ring of the Wild Hunt)","Master Architect Ring (Master Architect)","Master Architect Restoration Staff (Master Architect)"," ()","Ice Staff of Serpent's Disdain (Serpent's Disdain)"," ()","Budding Seeds","Illustrious Healing","Combat Prayer","Radiating Regeneration","Echoing Vigor","Reviving Barrier","Expansive Frost Cloak","Ulfsild's Contingency","Elemental Susceptibility","Elemental Blockade","Energy Orb","Wild Guardian"
"Lucent Citadel","Defense Prism","https://www.esologs.com/reports/2Xn9fhmjGKcgya3t#fight=38&type=summary&source=2","@La_buba","Ay'ia","curative-soldier-x-master-architect-powerful-assault","healer","Curative","Soldier","x","Master Architect","Powerful Assault","4434.3","89596.7","44.0","89596.7 HPS","The Ritual","Ozezan the Inferno's Visage (Ozezan the Inferno)","Master Architect Robe (Master Architect)","Ozezan the Inferno's Arm Cops (Ozezan the Inferno)","Master Architect Gloves (Master Architect)","","Master Architect Breeches (Master Architect)","Master Architect Shoes (Master Architect)","","Ring of the Powerful Assault (Powerful Assault)","Ring of the Powerful Assault (Powerful Assault)","Lightning Staff of the Powerful Assault (Powerful Assault)"," ()","The Master's Perfected Restoration Staff (Perfected Grand Rejuvenation)"," ()","Energy Orb","Elemental Blockade","Echoing Vigor","Elemental Susceptibility","Overflowing Altar","Resonating Glyphic","Illustrious Healing","Radiating Regeneration","Cruxweaver Armor","Combat Prayer","Tidal Chakram","Reviving Barrier"
"Lucent Citadel","Defense Prism","https://www.esologs.com/reports/2Xn9fhmjGKcgya3t#fight=38&type=summary&source=2","@BardonMe","Alara The Serpent-Singer","curative-soldier-x-master-architect-powerful-assault","healer","Curative","Soldier","x","Master Architect","Powerful Assault","4283.6","58178.5","48.6","58178.5 HPS","","Ozezan the Inferno's Guise (Ozezan the Inferno)","Master Architect Robe (Master Architect)","Ozezan the Inferno's Epaulets (Ozezan the Inferno)","Master Architect Gloves (Master Architect)","","Master Architect Breeches (Master Architect)","Master Architect Shoes (Master Architect)","","Ring of the Powerful Assault (Powerful Assault)","Ring of the Powerful Assault (Powerful Assault)","Lightning Staff of the Powerful Assault (Powerful Assault)"," ()","The Master's Perfected Restoration Staff (Perfected Grand Rejuvenation)"," ()","Elemental Blockade","Cruxweaver Armor","Energy Orb","Echoing Vigor","Overflowing Altar","Glyphic of the Tides","Chakram of Destiny","Illustrious Healing","Reconstructive Domain","Radiating Regeneration","Combat Prayer","Reviving Barrier"
"Lucent Citadel","Defense Prism","https://www.esologs.com/reports/2Xn9fhmjGKcgya3t#fight=38&type=summary&source=2","@BardonMe","Alara The Serpent-Singer","curative-soldier-x-master-architect-powerful-assault","healer","Curative","Soldier","x","Master Architect","Powerful Assault","4155.4","49491.9","32.5","49491.9 HPS","","Ozezan the Inferno's Guise (Ozezan the Inferno)","Master Architect Robe (Master Architect)","Ozezan the Inferno's Epaulets (Ozezan the Inferno)","Master Architect Gloves (Master Architect)","","Master Architect Breeches (Master Architect)","Master Architect Shoes (Master Architect)","","Ring of the Powerful Assault (Powerful Assault)","Ring of the Powerful Assault (Powerful Assault)","Lightning Staff of the Powerful Assault (Powerful Assault)"," ()","The Master's Perfected Restoration Staff (Perfected Grand Rejuvenation)"," ()","Elemental Blockade","Cruxweaver Armor","Energy Orb","Echoing Vigor","Overflowing Altar","Glyphic of the Tides","Chakram of Destiny","Illustrious Healing","Reconstructive Domain","Radiating Regeneration","Combat Prayer","Reviving Barrier"
"Lucent Citadel","Defense Prism","https://www.esologs.com/reports/k9wb3RVGmJD2Xfp7#fight=29&type=summary&source=7","@VisMee","V Safe","dawn-resto-x-master-architect-perfected-pillagers-profit","healer","Dawn","Resto","x","Master Architect","Perfected Pillager's Profit","4190.6","67721.1","52.0","67721.1 HPS","","Symphony of Blades Visage (Symphony of Blades)","Master Architect Robe (Master Architect)","Symphony of Blades Arm Cops (Symphony of Blades)","Master Architect Gloves (Master Architect)","","Master Architect Breeches (Master Architect)","Master Architect Shoes (Master Architect)","","Perfected Pillager's Band (Perfected Pillager's Profit)","Perfected Pillager's Band (Perfected Pillager's Profit)","Perfected Pillager's Lightning Staff (Perfected Pillager's Profit)"," ()","The Master's Perfected Restoration Staff (Perfected Grand Rejuvenation)"," ()","Energy Orb","Channeled Focus","Extended Ritual","Echoing Vigor","Elemental Blockade","Reviving Barrier","Purifying Light","Warding Burst","Illustrious Healing","Combat Prayer","Radiant Aura","Reviving Barrier"
"Lucent Citadel","Defense Prism","https://www.esologs.com/reports/k9wb3RVGmJD2Xfp7#fight=29&type=summary&source=7","@VisMee","V Safe","dawn-resto-x-master-architect-perfected-pillagers-profit","healer","Dawn","Resto","x","Master Architect","Perfected Pillager's Profit","5853.3","47579.6","41.1","47579.6 HPS","The Atronach","Symphony of Blades Visage (Symphony of Blades)","Master Architect Robe (Master Architect)","Symphony of Blades Arm Cops (Symphony of Blades)","Master Architect Gloves (Master Architect)","","Master Architect Breeches (Master Architect)","Master Architect Shoes (Master Architect)","","Perfected Pillager's Band (Perfected Pillager's Profit)","Perfected Pillager's Band (Perfected Pillager's Profit)","Perfected Pillager's Lightning Staff (Perfected Pillager's Profit)"," ()","The Master's Perfected Restoration Staff (Perfected Grand Rejuvenation)"," ()","Energy Orb","Channeled Focus","Extended Ritual","Echoing Vigor","Elemental Blockade","Reviving Barrier","Purifying Light","Warding Burst","Illustrious Healing","Combat Prayer","Radiant Aura","Reviving Barrier"
"Lucent Citadel","Defense Prism","https://www.esologs.com/reports/k9wb3RVGmJD2Xfp7#fight=29&type=summary&source=9","@WildRumpus","Hands-Like-Sithis","bone-grave-living-perfected-pearlescent-ward-powerful-assault","tank","Grave","Bone","Living","Perfected Pearlescent Ward","Powerful Assault","6449.7","8352.8","36.3","36.3 CPM","","Baron Zaudrus Visage (Baron Zaudrus)","Perfected Pearlescent Cuirass (Perfected Pearlescent Ward)","Baron Zaudrus Pauldron (Baron Zaudrus)","Perfected Pearlescent Gauntlets (Perfected Pearlescent Ward)","","Perfected Pearlescent Greaves (Perfected Pearlescent Ward)","Perfected Pearlescent Sabatons (Perfected Pearlescent Ward)","","Ring of the Powerful Assault (Powerful Assault)","Ring of the Powerful Assault (Powerful Assault)","Ice Staff of Endurance (Endurance)"," ()","Ice Staff of the Powerful Assault (Powerful Assault)"," ()","Necrotic Potency","Hungry Scythe","Inner Rage","Spirit Guardian","Charging Maneuver","Barrier","Summoner's Armor","Elemental Blockade","Elemental Susceptibility","Razor Caltrops","Echoing Vigor","Glacial Colossus"
"Lucent Citadel","Defense Prism","https://www.esologs.com/reports/k9wb3RVGmJD2Xfp7#fight=29&type=summary&source=9","@WildRumpus","Hands-Like-Sithis","bone-grave-living-perfected-pearlescent-ward-powerful-assault","tank","Grave","Bone","Living","Perfected Pearlescent Ward","Powerful Assault","9065.4","9977.4","47.0","47.0 CPM","The Atronach","Baron Zaudrus Visage (Baron Zaudrus)","Perfected Pearlescent Cuirass (Perfected Pearlescent Ward)","Baron Zaudrus Pauldron (Baron Zaudrus)","Perfected Pearlescent Gauntlets (Perfected Pearlescent Ward)","","Perfected Pearlescent Greaves (Perfected Pearlescent Ward)","Perfected Pearlescent Sabatons (Perfected Pearlescent Ward)","","Ring of the Powerful Assault (Powerful Assault)","Ring of the Powerful Assault (Powerful Assault)","Ice Staff of Endurance (Endurance)"," ()","Ice Staff of the Powerful Assault (Powerful Assault)"," ()","Necrotic Potency","Hungry Scythe","Inner Rage","Spirit Guardian","Charging Maneuver","Barrier","Summoner's Armor","Elemental Blockade","Elemental Susceptibility","Razor Caltrops","Echoing Vigor","Glacial Colossus"
"Lucent Citadel","Defense Prism","https://www.esologs.com/reports/k9wb3RVGmJD2Xfp7#fight=29&type=summary&source=20","@Silverlining2","Saenoise","daedric-dark-storm-master-architect-spell-power-cure","healer","Dark","Daedric","Storm","Spell Power Cure","Master Architect","7030.2","61092.7","40.5","61092.7 HPS","The Ritual","Ozezan the Inferno's Guise (Ozezan the Inferno)","Spell Power Cure Robe (Spell Power Cure)","Ozezan the Inferno's Epaulets (Ozezan the Inferno)","Spell Power Cure Gloves (Spell Power Cure)","","Spell Power Cure Breeches (Spell Power Cure)","Spell Power Cure Shoes (Spell Power Cure)","","Master Architect Ring (Master Architect)","Master Architect Ring (Master Architect)","The Master's Restoration Staff (Grand Rejuvenation)"," ()","Master Architect Lightning Staff (Master Architect)"," ()","Regenerative Ward","Combat Prayer","Illustrious Healing","Energy Orb","Vibrant Shroud","Overload","Ulfsild's Contingency","Dark Conversion","Elemental Blockade","Echoing Vigor","Overflowing Altar","Summon Charged Atronach"
"Lucent Citadel","Defense Prism","https://www.esologs.com/reports/k9wb3RVGmJD2Xfp7#fight=29&type=summary&source=20","@Silverlining2","Saenoise","daedric-dark-storm-master-architect-spell-power-cure","healer","Dark","Daedric","Storm","Spell Power Cure","Master Architect","3985.6","42035.9","35.2","42035.9 HPS","","Ozezan the Inferno's Guise (Ozezan the Inferno)","Spell Power Cure Robe (Spell Power Cure)","Ozezan the Inferno's Epaulets (Ozezan the Inferno)","Spell Power Cure Gloves (Spell Power Cure)","","Spell Power Cure Breeches (Spell Power Cure)","Spell Power Cure Shoes (Spell Power Cure)","","Master Architect Ring (Master Architect)","Master Architect Ring (Master Architect)","The Master's Restoration Staff (Grand Rejuvenation)"," ()","Master Architect Lightning Staff (Master Architect)"," ()","Regenerative Ward","Combat Prayer","Illustrious Healing","Energy Orb","Vibrant Shroud","Overload","Ulfsild's Contingency","Dark Conversion","Elemental Blockade","Echoing Vigor","Boundless Storm","Summon Charged Atronach"
"Lucent Citadel","Defense Prism","https://www.esologs.com/reports/pHtPqY4fWaxZ1g7A#fight=16&type=summary&source=6","@theghostbg","Lady Shallan","animal-green-winter-perfected-pearlescent-ward-serpents-disdain","tank","Animal","Green","Winter","Perfected Pearlescent Ward","Serpent's Disdain","5911.5","9757.7","31.7","31.7 CPM","The Atronach","Magma Incarnate Visage (Magma Incarnate)","Cryptcanon Vestments (Cryptcanon Vestments)","Pauldrons of Serpent's Disdain (Serpent's Disdain)","Gauntlets of Serpent's Disdain (Serpent's Disdain)","","Greaves of Serpent's Disdain (Serpent's Disdain)","Sabatons of Serpent's Disdain (Serpent's Disdain)","","Perfected Pearlescent Ring (Perfected Pearlescent Ward)","Perfected Pearlescent Ring (Perfected Pearlescent Ward)","Perfected Pearlescent Ice Staff (Perfected Pearlescent Ward)"," ()","Perfected Pearlescent Ice Staff (Perfected Pearlescent Ward)"," ()","Inner Rage","Elemental Susceptibility","Charging Maneuver","Budding Seeds","Polar Wind","Reviving Barrier","Leashing Soul","Gripping Shards","Elemental Blockade","Bull Netch","Expansive Frost Cloak","Aggressive Horn"
"Lucent Citadel","Defense Prism","https://www.esologs.com/reports/pHtPqY4fWaxZ1g7A#fight=16&type=summary&source=6","@theghostbg","Lady Shallan","animal-green-winter-perfected-pearlescent-ward-serpents-disdain","tank","Animal","Green","Winter","Perfected Pearlescent Ward","Serpent's Disdain","5018.2","8324.2","25.2","25.2 CPM","","Magma Incarnate Visage (Magma Incarnate)","Cryptcanon Vestments (Cryptcanon Vestments)","Pauldrons of Serpent's Disdain (Serpent's Disdain)","Gauntlets of Serpent's Disdain (Serpent's Disdain)","","Greaves of Serpent's Disdain (Serpent's Disdain)","Sabatons of Serpent's Disdain (Serpent's Disdain)","","Perfected Pearlescent Ring (Perfected Pearlescent Ward)","Perfected Pearlescent Ring (Perfected Pearlescent Ward)","Perfected Pearlescent Ice Staff (Perfected Pearlescent Ward)"," ()","Perfected Pearlescent Ice Staff (Perfected Pearlescent Ward)"," ()","Inner Rage","Fetcher Infection","Gripping Shards","Budding Seeds","Polar Wind","Reviving Barrier","Leashing Soul","Elemental Susceptibility","Elemental Blockade","Bull Netch","Expansive Frost Cloak","Aggressive Horn"
"Lucent Citadel","Defense Prism","https://www.esologs.com/reports/pHtPqY4fWaxZ1g7A#fight=16&type=summary&source=1","@Gila020","Taranis Thoryn","daedric-storm-x-perfected-lucent-echoes-perfected-pillagers-profit","tank","Daedric","Storm","x","Perfected Pillager's Profit","Perfected Lucent Echoes","3985.9","11048.3","59.6","59.6 CPM","","Magma Incarnate Mask (Magma Incarnate)","Lucent Echoes Perfected Cuirass (Perfected Lucent Echoes)","Spaulder of Ruin (Spaulder of Ruin)","Lucent Echoes Perfected Gauntlets (Perfected Lucent Echoes)","","Lucent Echoes Perfected Greaves (Perfected Lucent Echoes)","Lucent Echoes Perfected Sabatons (Perfected Lucent Echoes)","","Perfected Pillager's Band (Perfected Pillager's Profit)","Perfected Pillager's Band (Perfected Pillager's Profit)","Perfected Pillager's Ice Staff (Perfected Pillager's Profit)"," ()","Perfected Pillager's Lightning Staff (Perfected Pillager's Profit)"," ()","Vibrant Shroud","Lightning Flood","Inner Rage","Ulfsild's Contingency","Bound Aegis","Reviving Barrier","Blockade of Frost","Ball of Lightning","Razor Caltrops","Boundless Storm","Leashing Soul","Summon Charged Atronach"
"Lucent Citadel","Defense Prism","https://www.esologs.com/reports/pHtPqY4fWaxZ1g7A#fight=16&type=summary&source=1","@Gila020","Taranis Thoryn","daedric-storm-x-perfected-lucent-echoes-perfected-pillagers-profit","tank","Daedric","Storm","x","Perfected Pillager's Profit","Perfected Lucent Echoes","4272.1","10377.3","49.5","49.5 CPM","The Atronach","Magma Incarnate Mask (Magma Incarnate)","Lucent Echoes Perfected Cuirass (Perfected Lucent Echoes)","Spaulder of Ruin (Spaulder of Ruin)","Lucent Echoes Perfected Gauntlets (Perfected Lucent Echoes)","","Lucent Echoes Perfected Greaves (Perfected Lucent Echoes)","Lucent Echoes Perfected Sabatons (Perfected Lucent Echoes)","","Perfected Pillager's Band (Perfected Pillager's Profit)","Perfected Pillager's Band (Perfected Pillager's Profit)","Perfected Pillager's Ice Staff (Perfected Pillager's Profit)"," ()","Perfected Pillager's Lightning Staff (Perfected Pillager's Profit)"," ()","Vibrant Shroud","Lightning Flood","Inner Rage","Ulfsild's Contingency","Bound Aegis","Reviving Barrier","Blockade of Frost","Ball of Lightning","Razor Caltrops","Boundless Storm","Leashing Soul","Summon Charged Atronach"
"Lucent Citadel","Defense Prism","https://www.esologs.com/reports/pHtPqY4fWaxZ1g7A#fight=16&type=summary&source=11","@RosaDamascena","Roselyn Filtiarn","dawn-resto-x-master-architect-perfected-xoryns-masterpiece","healer","Dawn","Resto","x","Perfected Xoryn's Masterpiece","Master Architect","8138.4","66557.0","47.0","66557.0 HPS","","Nazaray Mask (Nazaray)","Xoryn's Perfected Robe (Perfected Xoryn's Masterpiece)","Nazaray Arm Cops (Nazaray)","Xoryn's Perfected Gloves (Perfected Xoryn's Masterpiece)","","Xoryn's Perfected Breeches (Perfected Xoryn's Masterpiece)","Xoryn's Perfected Shoes (Perfected Xoryn's Masterpiece)","","Master Architect Ring (Master Architect)","Master Architect Ring (Master Architect)","The Master's Perfected Restoration Staff (Perfected Grand Rejuvenation)"," ()","Master Architect Lightning Staff (Master Architect)"," ()","Purifying Light","Combat Prayer","Illustrious Healing","Radiating Regeneration","Extended Ritual","Aggressive Horn","Radiant Aura","Elemental Blockade","Energy Orb","Echoing Vigor","Magical Trample","Reviving Barrier"
"Lucent Citadel","Defense Prism","https://www.esologs.com/reports/pHtPqY4fWaxZ1g7A#fight=16&type=summary&source=11","@RosaDamascena","Roselyn Filtiarn","dawn-resto-x-master-architect-perfected-xoryns-masterpiece","healer","Dawn","Resto","x","Perfected Xoryn's Masterpiece","Master Architect","9271.0","68447.6","43.0","68447.6 HPS","The Ritual","Nazaray Mask (Nazaray)","Xoryn's Perfected Robe (Perfected Xoryn's Masterpiece)","Nazaray Arm Cops (Nazaray)","Xoryn's Perfected Gloves (Perfected Xoryn's Masterpiece)","","Xoryn's Perfected Breeches (Perfected Xoryn's Masterpiece)","Xoryn's Perfected Shoes (Perfected Xoryn's Masterpiece)","","Master Architect Ring (Master Architect)","Master Architect Ring (Master Architect)","The Master's Perfected Restoration Staff (Perfected Grand Rejuvenation)"," ()","Master Architect Lightning Staff (Master Architect)"," ()","Echoing Vigor","Combat Prayer","Illustrious Healing","Radiating Regeneration","Extended Ritual","Aggressive Horn","Radiant Aura","Elemental Blockade","Energy Orb","Purifying Light","Magical Trample","Reviving Barrier"
"Lucent Citadel","Defense Prism","https://www.esologs.com/reports/bzR1r24FkCvaA8B9#fight=46&type=summary&source=5","@TomTomFoolery","Expectations-Too-High","ardent-earthen-x-perfected-lucent-echoes-the-morag-tong","tank","Ardent","Earthen","x","The Morag Tong","Perfected Lucent Echoes","8974.5","12287.2","39.5","39.5 CPM","The Thief","Archdruid Devyric's Mask (Archdruid Devyric)","Lucent Echoes Perfected Cuirass (Perfected Lucent Echoes)","Archdruid Devyric's Epaulets (Archdruid Devyric)","Lucent Echoes Perfected Gauntlets (Perfected Lucent Echoes)","","Lucent Echoes Perfected Greaves (Perfected Lucent Echoes)","Lucent Echoes Perfected Sabatons (Perfected Lucent Echoes)","","Ring of the Morag Tong (The Morag Tong)","Ring of the Morag Tong (The Morag Tong)","Ice Staff of the Morag Tong (The Morag Tong)"," ()","Ice Staff of the Morag Tong (The Morag Tong)"," ()","Blood of the Elder Dragon","Inner Rage","Heart of Flame","Exhilarating Drain","Charging Maneuver","Reviving Barrier","Hearth and Home","Elemental Susceptibility","Elemental Blockade","Shatterspike Mantle","Igneous Weapons","Standard of Might"
"Lucent Citadel","Defense Prism","https://www.esologs.com/reports/bzR1r24FkCvaA8B9#fight=46&type=summary&source=2","@TomTomFoolery","Expectations-Too-High","ardent-earthen-x-perfected-lucent-echoes-the-morag-tong","tank","Ardent","Earthen","x","The Morag Tong","Perfected Lucent Echoes","8911.4","16765.0","45.4","45.4 CPM","","Archdruid Devyric's Mask (Archdruid Devyric)","Lucent Echoes Perfected Cuirass (Perfected Lucent Echoes)","Archdruid Devyric's Epaulets (Archdruid Devyric)","Lucent Echoes Perfected Gauntlets (Perfected Lucent Echoes)","","Lucent Echoes Perfected Greaves (Perfected Lucent Echoes)","Lucent Echoes Perfected Sabatons (Perfected Lucent Echoes)","","Ring of the Morag Tong (The Morag Tong)","Ring of the Morag Tong (The Morag Tong)","Ice Staff of the Morag Tong (The Morag Tong)"," ()","Ice Staff of the Morag Tong (The Morag Tong)"," ()","Blood of the Elder Dragon","Inner Rage","Heart of Flame","Exhilarating Drain","Charging Maneuver","Reviving Barrier","Hearth and Home","Elemental Susceptibility","Elemental Blockade","Shatterspike Mantle","Igneous Weapons","Standard of Might"
"Lucent Citadel","Defense Prism","https://www.esologs.com/reports/bzR1r24FkCvaA8B9#fight=46&type=summary&source=1","@Brangwynn","Fruity Brann Loops","curative-soldier-x-combat-physician-spell-power-cure","healer","Curative","Soldier","x","Spell Power Cure","Combat Physician","5976.0","119708.5","47.9","119708.5 HPS","","Ozezan the Inferno's Guise (Ozezan the Inferno)","Spell Power Cure Robe (Spell Power Cure)","Ozezan the Inferno's Arm Cops (Ozezan the Inferno)","Gloves of the Combat Physician (Combat Physician)","","Spell Power Cure Breeches (Spell Power Cure)","Shoes of the Combat Physician (Combat Physician)","","Ring of the Combat Physician (Combat Physician)","Ring of the Combat Physician (Combat Physician)","Spell Power Cure Restoration Staff (Spell Power Cure)"," ()","Blackrose Perfected Dagger (Perfected Spectral Cloak)","Blackrose Perfected Dagger (Perfected Spectral Cloak)","Illustrious Healing","Combat Prayer","Echoing Vigor","Warding Bond","Tidal Chakram","Reviving Barrier","Energy Orb","Quick Cloak","Shattering Knife","Overflowing Altar","Runeguard of Freedom","Resonating Glyphic"
"Lucent Citadel","Defense Prism","https://www.esologs.com/reports/bzR1r24FkCvaA8B9#fight=46&type=summary&source=4","@Brangwynn","Fruity Brann Loops","curative-soldier-x-combat-physician-spell-power-cure","healer","Curative","Soldier","x","Spell Power Cure","Combat Physician","6530.9","117534.0","49.6","117534.0 HPS","The Atronach","Ozezan the Inferno's Guise (Ozezan the Inferno)","Spell Power Cure Robe (Spell Power Cure)","Ozezan the Inferno's Arm Cops (Ozezan the Inferno)","Gloves of the Combat Physician (Combat Physician)","","Spell Power Cure Breeches (Spell Power Cure)","Shoes of the Combat Physician (Combat Physician)","","Ring of the Combat Physician (Combat Physician)","Ring of the Combat Physician (Combat Physician)","Spell Power Cure Restoration Staff (Spell Power Cure)"," ()","Blackrose Perfected Dagger (Perfected Spectral Cloak)","Blackrose Perfected Dagger (Perfected Spectral Cloak)","Illustrious Healing","Combat Prayer","Echoing Vigor","Warding Bond","Tidal Chakram","Reviving Barrier","Energy Orb","Quick Cloak","Shattering Knife","Overflowing Altar","Runeguard of Freedom","Resonating Glyphic"
"Lucent Citadel","Defense Prism","https://www.esologs.com/reports/P6rbM4QWKt3L8dXk#fight=31&type=summary&source=2","@Lizardmonger","Acceleraptor","animal-green-winter-master-architect-way-of-martial-knowledge","healer","Animal","Green","Winter","Way of Martial Knowledge","Master Architect","13778.2","46735.0","53.9","46735.0 HPS","The Ritual","Ozezan the Inferno's Guise (Ozezan the Inferno)","Robe of Martial Knowledge (Way of Martial Knowledge)","Ozezan the Inferno's Arm Cops (Ozezan the Inferno)","Gloves of Martial Knowledge (Way of Martial Knowledge)","","Breeches of Martial Knowledge (Way of Martial Knowledge)","Shoes of Martial Knowledge (Way of Martial Knowledge)","","Master Architect Ring (Master Architect)","Master Architect Ring (Master Architect)","The Master's Perfected Restoration Staff (Perfected Grand Rejuvenation)"," ()","Master Architect Lightning Staff (Master Architect)"," ()","Combat Prayer","Illustrious Healing","Radiating Regeneration","Budding Seeds","Mystic Orb","Wild Guardian","Winter's Revenge","Elemental Susceptibility","Elemental Blockade","Echoing Vigor","Expansive Frost Cloak","Aggressive Horn"
"Lucent Citadel","Defense Prism","https://www.esologs.com/reports/P6rbM4QWKt3L8dXk#fight=31&type=summary&source=2","@Lizardmonger","Acceleraptor","animal-green-winter-master-architect-way-of-martial-knowledge","healer","Animal","Green","Winter","Way of Martial Knowledge","Master Architect","8890.8","32555.9","38.8","32555.9 HPS","","Ozezan the Inferno's Guise (Ozezan the Inferno)","Robe of Martial Knowledge (Way of Martial Knowledge)","Ozezan the Inferno's Arm Cops (Ozezan the Inferno)","Gloves of Martial Knowledge (Way of Martial Knowledge)","","Breeches of Martial Knowledge (Way of Martial Knowledge)","Shoes of Martial Knowledge (Way of Martial Knowledge)","","Master Architect Ring (Master Architect)","Master Architect Ring (Master Architect)","The Master's Perfected Restoration Staff (Perfected Grand Rejuvenation)"," ()","Master Architect Lightning Staff (Master Architect)"," ()","Combat Prayer","Illustrious Healing","Radiating Regeneration","Budding Seeds","Mystic Orb","Wild Guardian","Winter's Revenge","Elemental Susceptibility","Elemental Blockade","Echoing Vigor","Expansive Frost Cloak","Aggressive Horn"
"Lucent Citadel","Defense Prism","https://www.esologs.com/reports/P6rbM4QWKt3L8dXk#fight=31&type=summary&source=1","@Osvera","Molten Tank","earthen-x-x-perfected-lucent-echoes-war-machine","tank","Earthen","x","x","War Machine","Perfected Lucent Echoes","11399.5","14973.6","47.3","47.3 CPM","The Thief","Magma Incarnate Mask (Magma Incarnate)","Lucent Echoes Perfected Cuirass (Perfected Lucent Echoes)","Spaulder of Ruin (Spaulder of Ruin)","Lucent Echoes Perfected Gauntlets (Perfected Lucent Echoes)","","Lucent Echoes Perfected Greaves (Perfected Lucent Echoes)","Lucent Echoes Perfected Sabatons (Perfected Lucent Echoes)","","War Machine Ring (War Machine)","War Machine Ring (War Machine)","War Machine Ice Staff (War Machine)"," ()","War Machine Ice Staff (War Machine)"," ()","Earthshield Mantle","Leashing Soul","Revealing Flare","Magma Fist","Inner Rage","Reviving Barrier","Blockade of Frost","Elemental Susceptibility","Charging Maneuver","Igneous Weapons","Fire Keeper","Aggressive Horn"
"Lucent Citadel","Defense Prism","https://www.esologs.com/reports/P6rbM4QWKt3L8dXk#fight=31&type=summary&source=1","@Osvera","Molten Tank","earthen-x-x-perfected-lucent-echoes-war-machine","tank","Earthen","x","x","War Machine","Perfected Lucent Echoes","2442.0","9169.5","26.5","26.5 CPM","","Magma Incarnate Mask (Magma Incarnate)","Lucent Echoes Perfected Cuirass (Perfected Lucent Echoes)","Spaulder of Ruin (Spaulder of Ruin)","Lucent Echoes Perfected Gauntlets (Perfected Lucent Echoes)","","Lucent Echoes Perfected Greaves (Perfected Lucent Echoes)","Lucent Echoes Perfected Sabatons (Perfected Lucent Echoes)","","War Machine Ring (War Machine)","War Machine Ring (War Machine)","War Machine Ice Staff (War Machine)"," ()","War Machine Ice Staff (War Machine)"," ()","Earthshield Mantle","Leashing Soul","Revealing Flare","Magma Fist","Inner Rage","Reviving Barrier","Blockade of Frost","Ulfsild's Contingency","Charging Maneuver","Igneous Weapons","Fire Keeper","Aggressive Horn"
"Lucent Citadel","Defense Prism","https://www.esologs.com/reports/P6rbM4QWKt3L8dXk#fight=31&type=summary&source=10","@bitrock","Prison-Death","daedric-dark-storm-perfected-pearlescent-ward-powerful-assault","tank","Dark","Daedric","Storm","Powerful Assault","Perfected Pearlescent Ward","7699.4","13345.9","68.8","68.8 CPM","The Thief","Magma Incarnate Visage (Magma Incarnate)","Cryptcanon Vestments (Cryptcanon Vestments)","Perfected Pearlescent Pauldrons (Perfected Pearlescent Ward)","Perfected Pearlescent Gauntlets (Perfected Pearlescent Ward)","","Perfected Pearlescent Greaves (Perfected Pearlescent Ward)","Perfected Pearlescent Sabatons (Perfected Pearlescent Ward)","","Ring of the Powerful Assault (Powerful Assault)","Ring of the Powerful Assault (Powerful Assault)","Ice Staff of the Powerful Assault (Powerful Assault)"," ()","Ice Staff of the Powerful Assault (Powerful Assault)"," ()","Ball of Lightning","Vibrant Shroud","Hardened Ward","Revealing Flare","Inner Rage","Summon Charged Atronach","Charging Maneuver","Elemental Susceptibility","Balance","Dark Deal","Bound Aegis","Reviving Barrier"
"Lucent Citadel","Defense Prism","https://www.esologs.com/reports/P6rbM4QWKt3L8dXk#fight=31&type=summary&source=10","@bitrock","Prison-Death","daedric-dark-storm-perfected-pearlescent-ward-powerful-assault","tank","Dark","Daedric","Storm","Powerful Assault","Perfected Pearlescent Ward","3589.4","8741.6","60.4","60.4 CPM","","Magma Incarnate Visage (Magma Incarnate)","Cryptcanon Vestments (Cryptcanon Vestments)","Perfected Pearlescent Pauldrons (Perfected Pearlescent Ward)","Perfected Pearlescent Gauntlets (Perfected Pearlescent Ward)","","Perfected Pearlescent Greaves (Perfected Pearlescent Ward)","Perfected Pearlescent Sabatons (Perfected Pearlescent Ward)","","Ring of the Powerful Assault (Powerful Assault)","Ring of the Powerful Assault (Powerful Assault)","Ice Staff of the Powerful Assault (Powerful Assault)"," ()","Ice Staff of the Powerful Assault (Powerful Assault)"," ()","Ball of Lightning","Vibrant Shroud","Hardened Ward","Revealing Flare","Inner Rage","Summon Charged Atronach","Charging Maneuver","Elemental Susceptibility","Balance","Dark Deal","Bound Aegis","Reviving Barrier"
"Lucent Citadel","Defense Prism","https://www.esologs.com/reports/P6rbM4QWKt3L8dXk#fight=31&type=summary&source=3","@QueensHashi","Ar'torias S","curative-herald-soldier-perfected-pillagers-profit-perfected-xoryns-masterpiece","healer","Herald","Curative","Soldier","Perfected Pillager's Profit","Perfected Xoryn's Masterpiece","11480.5","67797.7","53.0","67797.7 HPS","The Thief","The Blind Guise (The Blind)","Perfected Pillager's Jerkin (Perfected Pillager's Profit)","The Blind Epaulets (The Blind)","Xoryn's Perfected Gloves (Perfected Xoryn's Masterpiece)","","Xoryn's Perfected Breeches (Perfected Xoryn's Masterpiece)","Xoryn's Perfected Shoes (Perfected Xoryn's Masterpiece)","","Perfected Pillager's Band (Perfected Pillager's Profit)","Perfected Pillager's Band (Perfected Pillager's Profit)","The Master's Perfected Restoration Staff (Perfected Grand Rejuvenation)"," ()","Perfected Pillager's Lightning Staff (Perfected Pillager's Profit)"," ()","Illustrious Healing","Echoing Vigor","Combat Prayer","Chakram of Destiny","Radiating Regeneration","Gibbering Shield","Reconstructive Domain","Elemental Blockade","Fulminating Rune","Mystic Orb","Overflowing Altar","Reviving Barrier"
"Lucent Citadel","Defense Prism","https://www.esologs.com/reports/P6rbM4QWKt3L8dXk#fight=31&type=summary&source=3","@QueensHashi","Ar'torias S","curative-herald-soldier-perfected-pillagers-profit-perfected-xoryns-masterpiece","healer","Herald","Curative","Soldier","Perfected Pillager's Profit","Perfected Xoryn's Masterpiece","4425.2","35122.4","25.9","35122.4 HPS","","The Blind Guise (The Blind)","Perfected Pillager's Jerkin (Perfected Pillager's Profit)","The Blind Epaulets (The Blind)","Xoryn's Perfected Gloves (Perfected Xoryn's Masterpiece)","","Xoryn's Perfected Breeches (Perfected Xoryn's Masterpiece)","Xoryn's Perfected Shoes (Perfected Xoryn's Masterpiece)","","Perfected Pillager's Band (Perfected Pillager's Profit)","Perfected Pillager's Band (Perfected Pillager's Profit)","The Master's Perfected Restoration Staff (Perfected Grand Rejuvenation)"," ()","Perfected Pillager's Lightning Staff (Perfected Pillager's Profit)"," ()","Illustrious Healing","Echoing Vigor","Combat Prayer","Chakram of Destiny","Radiating Regeneration","Gibbering Shield","Reconstructive Domain","Elemental Blockade","Fulminating Rune","Mystic Orb","Overflowing Altar","Reviving Barrier"
"Lucent Citadel","Defense Prism","https://www.esologs.com/reports/qR4k13DrVcXM8ZWL#fight=23&type=summary&source=37","@KnightOfJusticeM","M J Lawyer","curative-herald-soldier-master-architect-powerful-assault","healer","Herald","Curative","Soldier","Master Architect","Powerful Assault","6675.1","79701.4","63.9","79701.4 HPS","","The Blind Guise (The Blind)","Cuirass of the Trainee (Armor of the Trainee)","The Blind Epaulets (The Blind)","Bracers of the Powerful Assault (Powerful Assault)","","Master Architect Breeches (Master Architect)","Master Architect Shoes (Master Architect)","","Death Dealer's Fete (Death Dealer's Fete)","Ring of the Powerful Assault (Powerful Assault)","Restoration Staff of the Powerful Assault (Powerful Assault)"," ()","Master Architect Ice Staff (Master Architect)"," ()","Tidal Chakram","Echoing Vigor","Illustrious Healing","Radiating Regeneration","Combat Prayer","Flawless Dawnbreaker","Mystic Orb","Rune of the Colorless Pool","Fulminating Rune","Overflowing Altar","Elemental Blockade","Glyphic of the Tides"
"Lucent Citadel","Defense Prism","https://www.esologs.com/reports/qR4k13DrVcXM8ZWL#fight=23&type=summary&source=37","@KnightOfJusticeM","M J Lawyer","curative-herald-soldier-master-architect-powerful-assault","healer","Herald","Curative","Soldier","Master Architect","Powerful Assault","8016.2","74114.0","53.7","74114.0 HPS","The Atronach","The Blind Guise (The Blind)","Cuirass of the Trainee (Armor of the Trainee)","The Blind Epaulets (The Blind)","Bracers of the Powerful Assault (Powerful Assault)","","Master Architect Breeches (Master Architect)","Master Architect Shoes (Master Architect)","","Death Dealer's Fete (Death Dealer's Fete)","Ring of the Powerful Assault (Powerful Assault)","Restoration Staff of the Powerful Assault (Powerful Assault)"," ()","Master Architect Lightning Staff (Master Architect)"," ()","Tidal Chakram","Echoing Vigor","Illustrious Healing","Radiating Regeneration","Combat Prayer","Flawless Dawnbreaker","Mystic Orb","Rune of the Colorless Pool","Fulminating Rune","Overflowing Altar","Elemental Blockade","Glyphic of the Tides"
"Lucent Citadel","Defense Prism","https://www.esologs.com/reports/qR4k13DrVcXM8ZWL#fight=23&type=summary&source=34","@Sirrom1323","It's Nightblade Job","ass-shadow-siphon-perfected-pearlescent-ward-the-morag-tong","tank","Ass","Shadow","Siphon","Perfected Pearlescent Ward","The Morag Tong","15161.3","3527.4","51.7","51.7 CPM","The Thief","Archdruid Devyric's Mask (Archdruid Devyric)","Perfected Pearlescent Cuirass (Perfected Pearlescent Ward)","Archdruid Devyric's Epaulets (Archdruid Devyric)","Perfected Pearlescent Gauntlets (Perfected Pearlescent Ward)","","Perfected Pearlescent Greaves (Perfected Pearlescent Ward)","Perfected Pearlescent Sabatons (Perfected Pearlescent Ward)","","Ring of the Morag Tong (The Morag Tong)","Ring of the Morag Tong (The Morag Tong)","Ice Staff of the Morag Tong (The Morag Tong)"," ()","The Maelstrom's Perfected Ice Staff (Perfected Crushing Wall)"," ()","Merciless Resolve","Dark Cloak","Revealing Flare","Pulsar","Inner Rage","Reviving Barrier","Siphoning Attacks","Elemental Susceptibility","Charging Maneuver","Elemental Blockade","Mirage","Aggressive Horn"
"Lucent Citadel","Defense Prism","https://www.esologs.com/reports/qR4k13DrVcXM8ZWL#fight=23&type=summary&source=34","@Sirrom1323","It's Nightblade Job","ass-shadow-siphon-perfected-pearlescent-ward-the-morag-tong","tank","Ass","Shadow","Siphon","Perfected Pearlescent Ward","The Morag Tong","14782.8","5612.5","42.7","42.7 CPM","","Archdruid Devyric's Mask (Archdruid Devyric)","Perfected Pearlescent Cuirass (Perfected Pearlescent Ward)","Archdruid Devyric's Epaulets (Archdruid Devyric)","Perfected Pearlescent Gauntlets (Perfected Pearlescent Ward)","","Perfected Pearlescent Greaves (Perfected Pearlescent Ward)","Perfected Pearlescent Sabatons (Perfected Pearlescent Ward)","","Ring of the Morag Tong (The Morag Tong)","Ring of the Morag Tong (The Morag Tong)","Ice Staff of the Morag Tong (The Morag Tong)"," ()","The Maelstrom's Perfected Ice Staff (Perfected Crushing Wall)"," ()","Merciless Resolve","Dark Cloak","Revealing Flare","Pulsar","Inner Rage","Reviving Barrier","Siphoning Attacks","Elemental Susceptibility","Charging Maneuver","Elemental Blockade","Mirage","Aggressive Horn"
"Lucent Citadel","Defense Prism","https://www.esologs.com/reports/qR4k13DrVcXM8ZWL#fight=23&type=summary&source=40","@Fuketsu","Shiroisloveshiroislife","dawn-resto-x-perfected-pillagers-profit-spell-power-cure","healer","Dawn","Resto","x","Perfected Pillager's Profit","Spell Power Cure","7184.5","74777.4","60.3","74777.4 HPS","","Ozezan the Inferno's Guise (Ozezan the Inferno)","Gallant Chain (Armor of the Trainee)","Ozezan the Inferno's Epaulets (Ozezan the Inferno)","Spell Power Cure Gloves (Spell Power Cure)","","Spell Power Cure Breeches (Spell Power Cure)","Spell Power Cure Shoes (Spell Power Cure)","","Perfected Pillager's Band (Perfected Pillager's Profit)","Death Dealer's Fete (Death Dealer's Fete)","Spell Power Cure Restoration Staff (Spell Power Cure)"," ()","Perfected Pillager's Lightning Staff (Perfected Pillager's Profit)"," ()","Illustrious Healing","Combat Prayer","Radiating Regeneration","Purifying Light","Restoring Focus","Flawless Dawnbreaker","Elemental Blockade","Mystic Orb","Echoing Vigor","Extended Ritual","Radiant Aura","Reviving Barrier"
"Lucent Citadel","Defense Prism","https://www.esologs.com/reports/qR4k13DrVcXM8ZWL#fight=23&type=summary&source=40","@Fuketsu","Shiroisloveshiroislife","dawn-resto-x-perfected-pillagers-profit-spell-power-cure","healer","Dawn","Resto","x","Perfected Pillager's Profit","Spell Power Cure","9550.9","76345.6","60.7","76345.6 HPS","The Ritual","Ozezan the Inferno's Guise (Ozezan the Inferno)","Gallant Chain (Armor of the Trainee)","Ozezan the Inferno's Epaulets (Ozezan the Inferno)","Spell Power Cure Gloves (Spell Power Cure)","","Spell Power Cure Breeches (Spell Power Cure)","Spell Power Cure Shoes (Spell Power Cure)","","Perfected Pillager's Band (Perfected Pillager's Profit)","Death Dealer's Fete (Death Dealer's Fete)","Spell Power Cure Restoration Staff (Spell Power Cure)"," ()","Perfected Pillager's Lightning Staff (Perfected Pillager's Profit)"," ()","Illustrious Healing","Combat Prayer","Radiating Regeneration","Purifying Light","Channeled Focus","Flawless Dawnbreaker","Elemental Blockade","Mystic Orb","Echoing Vigor","Extended Ritual","Radiant Aura","Reviving Barrier"
"Lucent Citadel","Defense Prism","https://www.esologs.com/reports/afRbprxgHZ648G2m#fight=56&type=summary&source=11","@angel.xo","Angel Ëlhlin","soldier-x-x-perfected-pillagers-profit-way-of-martial-knowledge","healer","Soldier","x","x","Way of Martial Knowledge","Perfected Pillager's Profit","7814.3","90165.1","64.7","90165.1 HPS","The Ritual","Nazaray Guise (Nazaray)","Robe of Martial Knowledge (Way of Martial Knowledge)","Nazaray Epaulets (Nazaray)","Gloves of Martial Knowledge (Way of Martial Knowledge)","","Breeches of Martial Knowledge (Way of Martial Knowledge)","Shoes of Martial Knowledge (Way of Martial Knowledge)","","Perfected Pillager's Band (Perfected Pillager's Profit)","Perfected Pillager's Band (Perfected Pillager's Profit)","The Master's Perfected Restoration Staff (Perfected Grand Rejuvenation)"," ()","Perfected Pillager's Lightning Staff (Perfected Pillager's Profit)"," ()","Combat Prayer","Illustrious Healing","Radiating Regeneration","Echoing Vigor","Ulfsild's Contingency","Gibbering Shelter","Cruxweaver Armor","Energy Orb","Overflowing Altar","Rune of the Colorless Pool","Elemental Blockade","Reviving Barrier"
"Lucent Citadel","Defense Prism","https://www.esologs.com/reports/afRbprxgHZ648G2m#fight=56&type=summary&source=11","@angel.xo","Angel Ëlhlin","soldier-x-x-perfected-pillagers-profit-way-of-martial-knowledge","healer","Soldier","x","x","Way of Martial Knowledge","Perfected Pillager's Profit","1872.2","57466.0","49.3","57466.0 HPS","","Nazaray Guise (Nazaray)","Robe of Martial Knowledge (Way of Martial Knowledge)","Nazaray Epaulets (Nazaray)","Gloves of Martial Knowledge (Way of Martial Knowledge)","","Breeches of Martial Knowledge (Way of Martial Knowledge)","Shoes of Martial Knowledge (Way of Martial Knowledge)","","Perfected Pillager's Band (Perfected Pillager's Profit)","Perfected Pillager's Band (Perfected Pillager's Profit)","The Master's Perfected Restoration Staff (Perfected Grand Rejuvenation)"," ()","Perfected Pillager's Lightning Staff (Perfected Pillager's Profit)"," ()","Combat Prayer","Illustrious Healing","Radiating Regeneration","Echoing Vigor","Ulfsild's Contingency","Gibbering Shelter","Cruxweaver Armor","Energy Orb","Overflowing Altar","Rune of the Colorless Pool","Elemental Blockade","Reviving Barrier"
"Lucent Citadel","Defense Prism","https://www.esologs.com/reports/afRbprxgHZ648G2m#fight=56&type=summary&source=10","@TheMrPancake","Vibrant Shroud","daedric-dark-storm-perfected-lucent-echoes-perfected-pearlescent-ward","tank","Dark","Daedric","Storm","Perfected Pearlescent Ward","Perfected Lucent Echoes","6254.5","19274.3","90.2","90.2 CPM","The Atronach","Nunatak's Mask (Nunatak)","Lucent Echoes Perfected Cuirass (Perfected Lucent Echoes)","Spaulder of Ruin (Spaulder of Ruin)","Lucent Echoes Perfected Gauntlets (Perfected Lucent Echoes)","","Lucent Echoes Perfected Greaves (Perfected Lucent Echoes)","Lucent Echoes Perfected Sabatons (Perfected Lucent Echoes)","","Perfected Pearlescent Ring (Perfected Pearlescent Ward)","Perfected Pearlescent Ring (Perfected Pearlescent Ward)","Perfected Pearlescent Ice Staff (Perfected Pearlescent Ward)"," ()","Perfected Pearlescent Ice Staff (Perfected Pearlescent Ward)"," ()","Inner Rage","Hardened Ward","Bound Aegis","Vibrant Shroud","Lingering Flare","Reviving Barrier","Razor Caltrops","Charging Maneuver","Boundless Storm","Dark Deal","Ball of Lightning","Aggressive Horn"
"Lucent Citadel","Defense Prism","https://www.esologs.com/reports/afRbprxgHZ648G2m#fight=56&type=summary&source=10","@TheMrPancake","Vibrant Shroud","daedric-dark-storm-perfected-lucent-echoes-perfected-pearlescent-ward","tank","Dark","Daedric","Storm","Perfected Pearlescent Ward","Perfected Lucent Echoes","3821.6","7903.9","40.4","40.4 CPM","","Nunatak's Mask (Nunatak)","Lucent Echoes Perfected Cuirass (Perfected Lucent Echoes)","Spaulder of Ruin (Spaulder of Ruin)","Lucent Echoes Perfected Gauntlets (Perfected Lucent Echoes)","","Lucent Echoes Perfected Greaves (Perfected Lucent Echoes)","Lucent Echoes Perfected Sabatons (Perfected Lucent Echoes)","","Perfected Pearlescent Ring (Perfected Pearlescent Ward)","Perfected Pearlescent Ring (Perfected Pearlescent Ward)","Perfected Pearlescent Ice Staff (Perfected Pearlescent Ward)"," ()","Perfected Pearlescent Ice Staff (Perfected Pearlescent Ward)"," ()","Inner Rage","Hardened Ward","Bound Aegis","Vibrant Shroud","Lingering Flare","Reviving Barrier","Razor Caltrops","Charging Maneuver","Boundless Storm","Dark Deal","Ball of Lightning","Aggressive Horn"
"Lucent Citadel","Defense Prism","https://www.esologs.com/reports/afRbprxgHZ648G2m#fight=56&type=summary&source=6","@MarlieChurfy","Hefty Girl","green-winter-x-powerful-assault-serpents-disdain","tank","Green","Winter","x","Powerful Assault","Serpent's Disdain","14991.5","26012.0","47.1","47.1 CPM","The Thief","Magma Incarnate Visage (Magma Incarnate)","Cryptcanon Vestments (Cryptcanon Vestments)","Arm Cops of the Powerful Assault (Powerful Assault)","Gauntlets of Serpent's Disdain (Serpent's Disdain)","","Greaves of Serpent's Disdain (Serpent's Disdain)","Sabatons of Serpent's Disdain (Serpent's Disdain)","","Ring of the Powerful Assault (Powerful Assault)","Ring of the Powerful Assault (Powerful Assault)","Ice Staff of the Powerful Assault (Powerful Assault)"," ()","The Maelstrom's Perfected Ice Staff (Perfected Crushing Wall)"," ()","Inner Rage","Ulfsild's Contingency","Budding Seeds","Polar Wind","Echoing Vigor","Reviving Barrier","Charging Maneuver","Elemental Susceptibility","Elemental Blockade","Winter's Revenge","Expansive Frost Cloak","Aggressive Horn"
"Lucent Citadel","Defense Prism","https://www.esologs.com/reports/afRbprxgHZ648G2m#fight=56&type=summary&source=6","@MarlieChurfy","Hefty Girl","green-winter-x-powerful-assault-serpents-disdain","tank","Green","Winter","x","Powerful Assault","Serpent's Disdain","4626.0","23127.5","32.8","32.8 CPM","","Magma Incarnate Visage (Magma Incarnate)","Cryptcanon Vestments (Cryptcanon Vestments)","Arm Cops of the Powerful Assault (Powerful Assault)","Gauntlets of Serpent's Disdain (Serpent's Disdain)","","Greaves of Serpent's Disdain (Serpent's Disdain)","Sabatons of Serpent's Disdain (Serpent's Disdain)","","Ring of the Powerful Assault (Powerful Assault)","Ring of the Powerful Assault (Powerful Assault)","Ice Staff of the Powerful Assault (Powerful Assault)"," ()","The Maelstrom's Perfected Ice Staff (Perfected Crushing Wall)"," ()","Inner Rage","Ulfsild's Contingency","Budding Seeds","Polar Wind","Echoing Vigor","Aggressive Horn","Charging Maneuver","Elemental Susceptibility","Elemental Blockade","Winter's Revenge","Expansive Frost Cloak","Reviving Barrier"
"Lucent Citadel","Defense Prism","https://www.esologs.com/reports/afRbprxgHZ648G2m#fight=56&type=summary&source=9","@Reveri'e","Alaurenni Drel","ardent-earthen-x-jorvulds-guidance-perfected-roaring-opportunist","healer","Ardent","Earthen","x","Jorvuld's Guidance","Perfected Roaring Opportunist","14922.4","56550.2","39.5","56550.2 HPS","The Atronach","Ozezan the Inferno's Guise (Ozezan the Inferno)","Jorvuld's Guidance Robe (Jorvuld's Guidance)","Ozezan the Inferno's Epaulets (Ozezan the Inferno)","Jorvuld's Guidance Gloves (Jorvuld's Guidance)","","Jorvuld's Guidance Breeches (Jorvuld's Guidance)","Jorvuld's Guidance Shoes (Jorvuld's Guidance)","","Roaring Opportunist's Perfected Ring (Perfected Roaring Opportunist)","Roaring Opportunist's Perfected Ring (Perfected Roaring Opportunist)","The Master's Perfected Restoration Staff (Perfected Grand Rejuvenation)"," ()","Roaring Opportunist's Perfected Lightning Staff (Perfected Roaring Opportunist)"," ()","Illustrious Healing","Cauterize","Combat Prayer","Radiating Regeneration","Healing Contingency","Reviving Barrier","Elemental Blockade","Mystic Orb","Hearth and Home","Echoing Vigor","Igneous Weapons","Aggressive Horn"
"Lucent Citadel","Defense Prism","https://www.esologs.com/reports/afRbprxgHZ648G2m#fight=56&type=summary&source=9","@Reveri'e","Alaurenni Drel","ardent-earthen-x-jorvulds-guidance-perfected-roaring-opportunist","healer","Ardent","Earthen","x","Jorvuld's Guidance","Perfected Roaring Opportunist","4113.0","26845.8","26.7","26845.8 HPS","","Magma Incarnate Guise (Magma Incarnate)","Jorvuld's Guidance Robe (Jorvuld's Guidance)","Spaulder of Ruin (Spaulder of Ruin)","Jorvuld's Guidance Gloves (Jorvuld's Guidance)","","Jorvuld's Guidance Breeches (Jorvuld's Guidance)","Jorvuld's Guidance Shoes (Jorvuld's Guidance)","","Roaring Opportunist's Perfected Ring (Perfected Roaring Opportunist)","Roaring Opportunist's Perfected Ring (Perfected Roaring Opportunist)","The Master's Perfected Restoration Staff (Perfected Grand Rejuvenation)"," ()","Roaring Opportunist's Perfected Lightning Staff (Perfected Roaring Opportunist)"," ()","Illustrious Healing","Cauterize","Combat Prayer","Radiating Regeneration","Healing Contingency","Reviving Barrier","Elemental Blockade","Mystic Orb","Hearth and Home","Echoing Vigor","Igneous Weapons","Standard of Might"
"Lucent Citadel","Trash Builds","https://www.esologs.com/reports/VyvdT4M7BqxRZwFp#fight=38&type=summary&source=15","@WiGe06","tebzi pagnumaith","grave-herald-x-corpseburster-perfected-slivers-of-the-null-arca","dps","Grave","Herald","x","Corpseburster","Perfected Slivers of the Null Arca","125052.6","10089.2","65.4","125052.6 DPS","","Corpseburster Helmet (Corpseburster)","Perfected Null Arca Jack (Perfected Slivers of the Null Arca)","The Blind Arm Cops (The Blind)","Perfected Null Arca Bracers (Perfected Slivers of the Null Arca)","","Perfected Null Arca Guards (Perfected Slivers of the Null Arca)","Perfected Null Arca Boots (Perfected Slivers of the Null Arca)","","Corpseburster Ring (Corpseburster)","Corpseburster Ring (Corpseburster)","Corpseburster Dagger (Corpseburster)","Corpseburster Dagger (Corpseburster)","The Maelstrom's Perfected Greatsword (Perfected Merciless Charge)"," ()","Banner Bearer","Unnerving Boneyard","Blighted Blastbones","Detonating Siphon","Venom Skull","Flawless Dawnbreaker","Banner Bearer","Stampede","Carve","Barbed Trap","Skeletal Archer","Shooting Star"
"Lucent Citadel","Trash Builds","https://www.esologs.com/reports/VyvdT4M7BqxRZwFp#fight=38&type=summary&source=16","@Drkif","ßarale","grave-herald-x-corpseburster-perfected-slivers-of-the-null-arca","dps","Grave","Herald","x","Perfected Slivers of the Null Arca","Corpseburster","106372.3","8265.2","49.5","106372.3 DPS","","Valkyn Skoria Guise (Valkyn Skoria)","Perfected Null Arca Jack (Perfected Slivers of the Null Arca)","Corpseburster Arm Cops (Corpseburster)","Perfected Null Arca Bracers (Perfected Slivers of the Null Arca)","","Perfected Null Arca Guards (Perfected Slivers of the Null Arca)","Perfected Null Arca Boots (Perfected Slivers of the Null Arca)","","Corpseburster Ring (Corpseburster)","Corpseburster Ring (Corpseburster)","Corpseburster Dagger (Corpseburster)","Corpseburster Dagger (Corpseburster)","The Maelstrom's Perfected Greatsword (Perfected Merciless Charge)"," ()","Venom Skull","Blighted Blastbones","Unnerving Boneyard","Detonating Siphon","Banner Bearer","Flawless Dawnbreaker","Skeletal Archer","Stampede","Carve","Anti-Cavalry Caltrops","Banner Bearer","Shooting Star"
"Lucent Citadel","Trash Builds","https://www.esologs.com/reports/VyvdT4M7BqxRZwFp#fight=38&type=summary&source=5","@K1LL3R-Cfrags","Mia Regaza","grave-herald-x-corpseburster-perfected-slivers-of-the-null-arca","dps","Grave","Herald","x","Perfected Slivers of the Null Arca","Corpseburster","83517.9","8556.9","30.2","83517.9 DPS","","Slimecraw Mask (Slimecraw)","Perfected Null Arca Jack (Perfected Slivers of the Null Arca)","Corpseburster Arm Cops (Corpseburster)","Perfected Null Arca Bracers (Perfected Slivers of the Null Arca)","","Perfected Null Arca Guards (Perfected Slivers of the Null Arca)","Perfected Null Arca Boots (Perfected Slivers of the Null Arca)","","Shattered Paths Signet (Shattered Paths Signet)","Corpseburster Ring (Corpseburster)","Corpseburster Dagger (Corpseburster)","Corpseburster Dagger (Corpseburster)","The Maelstrom's Perfected Greatsword (Perfected Merciless Charge)"," ()","Blighted Blastbones","Detonating Siphon","Venom Skull","Avid Boneyard","Banner Bearer","Flawless Dawnbreaker","Stampede","Carve","Barbed Trap","Skeletal Archer","Banner Bearer","Flawless Dawnbreaker"
"Lucent Citadel","Trash Builds","https://www.esologs.com/reports/VyvdT4M7BqxRZwFp#fight=38&type=summary&source=8","@CinisMortis","Necrocinis","grave-herald-x-corpseburster-perfected-slivers-of-the-null-arca","dps","Grave","Herald","x","Perfected Slivers of the Null Arca","Corpseburster","93572.3","6016.7","37.7","93572.3 DPS","","Slimecraw Mask (Slimecraw)","Perfected Null Arca Jack (Perfected Slivers of the Null Arca)","Corpseburster Arm Cops (Corpseburster)","Perfected Null Arca Bracers (Perfected Slivers of the Null Arca)","","Perfected Null Arca Guards (Perfected Slivers of the Null Arca)","Perfected Null Arca Boots (Perfected Slivers of the Null Arca)","","Corpseburster Ring (Corpseburster)","Shattered Paths Signet (Shattered Paths Signet)","Corpseburster Axe (Corpseburster)","Corpseburster Dagger (Corpseburster)","The Maelstrom's Perfected Greatsword (Perfected Merciless Charge)"," ()","Blighted Blastbones","Venom Skull","Detonating Siphon","Avid Boneyard","Banner Bearer","Glacial Colossus","Stampede","Carve","Skeletal Archer","Barbed Trap","Banner Bearer","Flawless Dawnbreaker"
"Lucent Citadel","Trash Builds","https://www.esologs.com/reports/VyvdT4M7BqxRZwFp#fight=38&type=summary&source=8","@CinisMortis","Necrocinis","grave-herald-x-corpseburster-perfected-slivers-of-the-null-arca","dps","Grave","Herald","x","Perfected Slivers of the Null Arca","Corpseburster","58058.4","6247.8","31.0","58058.4 DPS","","Slimecraw Mask (Slimecraw)","Perfected Null Arca Jack (Perfected Slivers of the Null Arca)","Corpseburster Arm Cops (Corpseburster)","Perfected Null Arca Bracers (Perfected Slivers of the Null Arca)","","Perfected Null Arca Guards (Perfected Slivers of the Null Arca)","Perfected Null Arca Boots (Perfected Slivers of the Null Arca)","","Corpseburster Ring (Corpseburster)","Shattered Paths Signet (Shattered Paths Signet)","Corpseburster Axe (Corpseburster)","Corpseburster Dagger (Corpseburster)","The Maelstrom's Perfected Greatsword (Perfected Merciless Charge)"," ()","Blighted Blastbones","Venom Skull","Detonating Siphon","Avid Boneyard","Banner Bearer","Glacial Colossus","Stampede","Carve","Skeletal Archer","Barbed Trap","Banner Bearer","Flawless Dawnbreaker"
"Lucent Citadel","Trash Builds","https://www.esologs.com/reports/VyvdT4M7BqxRZwFp#fight=38&type=summary&source=1","@sagitta14","Marena Nox","grave-herald-x-corpseburster-perfected-slivers-of-the-null-arca","dps","Grave","Herald","x","Perfected Slivers of the Null Arca","Corpseburster","68558.7","8514.2","33.2","68558.7 DPS","","Slimecraw Mask (Slimecraw)","Perfected Null Arca Jack (Perfected Slivers of the Null Arca)","Corpseburster Arm Cops (Corpseburster)","Perfected Null Arca Bracers (Perfected Slivers of the Null Arca)","","Perfected Null Arca Guards (Perfected Slivers of the Null Arca)","Perfected Null Arca Boots (Perfected Slivers of the Null Arca)","","Corpseburster Ring (Corpseburster)","Corpseburster Ring (Corpseburster)","Corpseburster Dagger (Corpseburster)","Corpseburster Dagger (Corpseburster)","The Maelstrom's Perfected Greatsword (Perfected Merciless Charge)"," ()","Unnerving Boneyard","Venom Skull","Detonating Siphon","Banner Bearer","Blighted Blastbones","Glacial Colossus","Ulfsild's Contingency","Stampede","Carve","Banner Bearer","Skeletal Archer","Shooting Star"
"Lucent Citadel","Trash Builds","https://www.esologs.com/reports/VyvdT4M7BqxRZwFp#fight=38&type=summary&source=3","@klerk88","Del'Say","grave-herald-x-corpseburster-perfected-slivers-of-the-null-arca","dps","Grave","Herald","x","Perfected Slivers of the Null Arca","Corpseburster","69022.7","3937.8","36.6","69022.7 DPS","","Slimecraw Mask (Slimecraw)","Perfected Null Arca Jack (Perfected Slivers of the Null Arca)","Perfected Null Arca Arm Cops (Perfected Slivers of the Null Arca)","Perfected Null Arca Bracers (Perfected Slivers of the Null Arca)","","Corpseburster Guards (Corpseburster)","Perfected Null Arca Boots (Perfected Slivers of the Null Arca)","","Corpseburster Ring (Corpseburster)","Corpseburster Ring (Corpseburster)","Corpseburster Dagger (Corpseburster)","Corpseburster Dagger (Corpseburster)","The Maelstrom's Perfected Greatsword (Perfected Merciless Charge)"," ()","Blighted Blastbones","Unnerving Boneyard","Detonating Siphon","Venom Skull","Banner Bearer","Glacial Colossus","Stampede","Carve","Barbed Trap","Skeletal Archer","Banner Bearer","Ice Comet"
"Lucent Citadel","Trash Builds","https://www.esologs.com/reports/VyvdT4M7BqxRZwFp#fight=38&type=summary&source=28","@Jdog2716","Netchbone Necra","grave-herald-x-corpseburster-perfected-slivers-of-the-null-arca","dps","Grave","Herald","x","Corpseburster","Perfected Slivers of the Null Arca","88423.9","5175.4","43.8","88423.9 DPS","","Corpseburster Helmet (Corpseburster)","Perfected Null Arca Jack (Perfected Slivers of the Null Arca)","Slimecraw Epaulets (Slimecraw)","Perfected Null Arca Bracers (Perfected Slivers of the Null Arca)","","Perfected Null Arca Guards (Perfected Slivers of the Null Arca)","Perfected Null Arca Boots (Perfected Slivers of the Null Arca)","","Corpseburster Ring (Corpseburster)","Corpseburster Ring (Corpseburster)","Corpseburster Dagger (Corpseburster)","Corpseburster Dagger (Corpseburster)","The Maelstrom's Perfected Greatsword (Perfected Merciless Charge)"," ()","Blighted Blastbones","Detonating Siphon","Venom Skull","Unnerving Boneyard","Banner Bearer","Flawless Dawnbreaker","Barbed Trap","Carve","Stampede","Skeletal Archer","Banner Bearer","Shooting Star"
"Lucent Citadel","Trash Builds","https://www.esologs.com/reports/VyvdT4M7BqxRZwFp#fight=38&type=summary&source=12","@Maglaud","Bone Boyo","grave-herald-x-corpseburster-perfected-slivers-of-the-null-arca","dps","Grave","Herald","x","Perfected Slivers of the Null Arca","Corpseburster","129128.2","12507.0","57.3","129128.2 DPS","","Slimecraw Mask (Slimecraw)","Perfected Null Arca Jack (Perfected Slivers of the Null Arca)","Corpseburster Arm Cops (Corpseburster)","Perfected Null Arca Bracers (Perfected Slivers of the Null Arca)","","Perfected Null Arca Guards (Perfected Slivers of the Null Arca)","Perfected Null Arca Boots (Perfected Slivers of the Null Arca)","","Corpseburster Ring (Corpseburster)","Corpseburster Ring (Corpseburster)","Corpseburster Dagger (Corpseburster)","Corpseburster Dagger (Corpseburster)","The Maelstrom's Perfected Greatsword (Perfected Merciless Charge)"," ()","Banner Bearer","Venom Skull","Blighted Blastbones","Detonating Siphon","Unnerving Boneyard","Pestilent Colossus","Barbed Trap","Banner Bearer","Skeletal Archer","Carve","Stampede","Shooting Star"
"Lucent Citadel","Trash Builds","https://www.esologs.com/reports/VyvdT4M7BqxRZwFp#fight=38&type=summary&source=42","@Im5HEAD","The Dark In Me","grave-herald-x-corpseburster-perfected-slivers-of-the-null-arca","dps","Grave","Herald","x","Perfected Slivers of the Null Arca","Corpseburster","131368.2","5696.1","52.0","131368.2 DPS","","Perfected Null Arca Helmet (Perfected Slivers of the Null Arca)","Perfected Null Arca Jack (Perfected Slivers of the Null Arca)","The Blind Epaulets (The Blind)","Perfected Null Arca Bracers (Perfected Slivers of the Null Arca)","","Perfected Null Arca Guards (Perfected Slivers of the Null Arca)","Corpseburster Boots (Corpseburster)","","Corpseburster Ring (Corpseburster)","Corpseburster Ring (Corpseburster)","Corpseburster Dagger (Corpseburster)","Corpseburster Dagger (Corpseburster)","The Maelstrom's Perfected Greatsword (Perfected Merciless Charge)"," ()","Blighted Blastbones","Unnerving Boneyard","Venom Skull","Banner Bearer","Detonating Siphon","Flawless Dawnbreaker","Stampede","Carve","Barbed Trap","Banner Bearer","Skeletal Archer","Shooting Star"
"Lucent Citadel","Trash Builds","https://www.esologs.com/reports/VyvdT4M7BqxRZwFp#fight=38&type=summary&source=38","@RayRegiCide","Ray Yūrei","grave-herald-x-corpseburster-perfected-slivers-of-the-null-arca","dps","Grave","Herald","x","Perfected Slivers of the Null Arca","Corpseburster","151387.3","7514.3","49.4","151387.3 DPS","","Slimecraw Guise (Slimecraw)","Perfected Null Arca Jack (Perfected Slivers of the Null Arca)","Corpseburster Arm Cops (Corpseburster)","Perfected Null Arca Bracers (Perfected Slivers of the Null Arca)","","Perfected Null Arca Guards (Perfected Slivers of the Null Arca)","Perfected Null Arca Boots (Perfected Slivers of the Null Arca)","","Corpseburster Ring (Corpseburster)","Corpseburster Ring (Corpseburster)","Corpseburster Dagger (Corpseburster)","Corpseburster Dagger (Corpseburster)","The Maelstrom's Perfected Greatsword (Perfected Merciless Charge)"," ()","Detonating Siphon","Blighted Blastbones","Unnerving Boneyard","Venom Skull","Banner Bearer","Flawless Dawnbreaker","Skeletal Archer","Carve","Stampede","Anti-Cavalry Caltrops","Banner Bearer","Shooting Star"
"Lucent Citadel","Trash Builds","https://www.esologs.com/reports/VyvdT4M7BqxRZwFp#fight=38&type=summary&source=32","@drqAzazel","Ayemfia","grave-herald-x-corpseburster-perfected-slivers-of-the-null-arca","dps","Grave","Herald","x","Perfected Slivers of the Null Arca","Corpseburster","129498.0","5925.1","59.2","129498.0 DPS","","Slimecraw Mask (Slimecraw)","Perfected Null Arca Jack (Perfected Slivers of the Null Arca)","Mora's Whispers (Mora's Whispers)","Perfected Null Arca Bracers (Perfected Slivers of the Null Arca)","","Perfected Null Arca Guards (Perfected Slivers of the Null Arca)","Perfected Null Arca Boots (Perfected Slivers of the Null Arca)","","Corpseburster Ring (Corpseburster)","Corpseburster Ring (Corpseburster)","Corpseburster Dagger (Corpseburster)","Corpseburster Dagger (Corpseburster)","The Maelstrom's Perfected Greatsword (Perfected Merciless Charge)"," ()","Unnerving Boneyard","Blighted Blastbones","Detonating Siphon","Venom Skull","Banner Bearer","Flawless Dawnbreaker","Stampede","Carve","Barbed Trap","Skeletal Archer","Banner Bearer","Shooting Star"
"Lucent Citadel","Trash Builds","https://www.esologs.com/reports/VyvdT4M7BqxRZwFp#fight=38&type=summary&source=35","@Enni12399","Karthus Passive is my Ult","grave-herald-x-corpseburster-perfected-slivers-of-the-null-arca","dps","Grave","Herald","x","Corpseburster","Perfected Slivers of the Null Arca","118288.2","5407.8","35.6","118288.2 DPS","","Corpseburster Helmet (Corpseburster)","Perfected Null Arca Jack (Perfected Slivers of the Null Arca)","Slimecraw Epaulets (Slimecraw)","Perfected Null Arca Bracers (Perfected Slivers of the Null Arca)","","Perfected Null Arca Guards (Perfected Slivers of the Null Arca)","Perfected Null Arca Boots (Perfected Slivers of the Null Arca)","","Corpseburster Ring (Corpseburster)","Corpseburster Ring (Corpseburster)","Corpseburster Dagger (Corpseburster)","Corpseburster Dagger (Corpseburster)","The Maelstrom's Perfected Greatsword (Perfected Merciless Charge)"," ()","Venom Skull","Blighted Blastbones","Detonating Siphon","Unnerving Boneyard","Banner Bearer","Glacial Colossus","Barbed Trap","Carve","Stampede","Skeletal Archer","Banner Bearer","Glacial Colossus"
"Lucent Citadel","Trash Builds","https://www.esologs.com/reports/VyvdT4M7BqxRZwFp#fight=38&type=summary&source=7","@Maglaud","Bone Boyo","grave-herald-x-corpseburster-perfected-slivers-of-the-null-arca","dps","Grave","Herald","x","Perfected Slivers of the Null Arca","Corpseburster","138209.2","9656.4","50.7","138209.2 DPS","","Slimecraw Mask (Slimecraw)","Perfected Null Arca Jack (Perfected Slivers of the Null Arca)","Corpseburster Arm Cops (Corpseburster)","Perfected Null Arca Bracers (Perfected Slivers of the Null Arca)","","Perfected Null Arca Guards (Perfected Slivers of the Null Arca)","Perfected Null Arca Boots (Perfected Slivers of the Null Arca)","","Corpseburster Ring (Corpseburster)","Corpseburster Ring (Corpseburster)","Corpseburster Dagger (Corpseburster)","Corpseburster Dagger (Corpseburster)","The Maelstrom's Perfected Greatsword (Perfected Merciless Charge)"," ()","Banner Bearer","Venom Skull","Blighted Blastbones","Detonating Siphon","Unnerving Boneyard","Pestilent Colossus","Barbed Trap","Banner Bearer","Skeletal Archer","Carve","Stampede","Shooting Star"
"Lucent Citadel","Trash Builds","https://www.esologs.com/reports/k9wb3RVGmJD2Xfp7#fight=7&type=summary&source=2","@goalpost02","Apocrypha Meow","herald-x-x-perfected-slivers-of-the-null-arca-spattering-disjunction","dps","Herald","x","x","Spattering Disjunction","Perfected Slivers of the Null Arca","134737.3","4560.9","30.3","134737.3 DPS","The Thief","Slimecraw Guise (Slimecraw)","Spattering Disjunction Jack (Spattering Disjunction)","Spattering Disjunction Arm Cops (Spattering Disjunction)","Perfected Null Arca Bracers (Perfected Slivers of the Null Arca)","","Perfected Null Arca Guards (Perfected Slivers of the Null Arca)","Perfected Null Arca Boots (Perfected Slivers of the Null Arca)","","Perfected Null Arca Ring (Perfected Slivers of the Null Arca)","Perfected Null Arca Ring (Perfected Slivers of the Null Arca)","Spattering Disjunction Dagger (Spattering Disjunction)","Spattering Disjunction Dagger (Spattering Disjunction)","The Maelstrom's Perfected Inferno Staff (Perfected Crushing Wall)"," ()","Barbed Trap","Quick Cloak","Pragmatic Fatecarver","Cephaliarch's Flail","Camouflaged Hunter","Flawless Dawnbreaker","Inspired Scholarship","Resolving Vigor","Elemental Blockade","Fulminating Rune","Camouflaged Hunter","The Languid Eye"
"Lucent Citadel","Trash Builds","https://www.esologs.com/reports/k9wb3RVGmJD2Xfp7#fight=7&type=summary&source=1","@Paradoxdruid","Seeker-of-the-Paradox","herald-x-x-perfected-slivers-of-the-null-arca-spattering-disjunction","dps","Herald","x","x","Perfected Slivers of the Null Arca","Spattering Disjunction","42824.2","8580.8","21.0","42824.2 DPS","","Slimecraw Guise (Slimecraw)","Perfected Null Arca Jack (Perfected Slivers of the Null Arca)","Spattering Disjunction Arm Cops (Spattering Disjunction)","Spattering Disjunction Bracers (Spattering Disjunction)","","Perfected Null Arca Guards (Perfected Slivers of the Null Arca)","Spattering Disjunction Boots (Spattering Disjunction)","","Spattering Disjunction Ring (Spattering Disjunction)","Spattering Disjunction Ring (Spattering Disjunction)","Perfected Null Arca Dagger (Perfected Slivers of the Null Arca)","Perfected Null Arca Dagger (Perfected Slivers of the Null Arca)","The Maelstrom's Inferno Staff (Crushing Wall)"," ()","Quick Cloak","Camouflaged Hunter","Cephaliarch's Flail","Pragmatic Fatecarver","Banner Bearer","Flawless Dawnbreaker","Inspired Scholarship","Elemental Blockade","Fulminating Rune","Echoing Vigor","Banner Bearer","The Languid Eye"
"Lucent Citadel","Trash Builds","https://www.esologs.com/reports/k9wb3RVGmJD2Xfp7#fight=7&type=summary&source=2","@goalpost02","Apocrypha Meow","herald-x-x-perfected-slivers-of-the-null-arca-spattering-disjunction","dps","Herald","x","x","Spattering Disjunction","Perfected Slivers of the Null Arca","89148.6","3633.2","21.2","89148.6 DPS","","Slimecraw Guise (Slimecraw)","Spattering Disjunction Jack (Spattering Disjunction)","Spattering Disjunction Arm Cops (Spattering Disjunction)","Perfected Null Arca Bracers (Perfected Slivers of the Null Arca)","","Perfected Null Arca Guards (Perfected Slivers of the Null Arca)","Perfected Null Arca Boots (Perfected Slivers of the Null Arca)","","Perfected Null Arca Ring (Perfected Slivers of the Null Arca)","Perfected Null Arca Ring (Perfected Slivers of the Null Arca)","Spattering Disjunction Dagger (Spattering Disjunction)","Spattering Disjunction Dagger (Spattering Disjunction)","The Maelstrom's Perfected Inferno Staff (Perfected Crushing Wall)"," ()","Barbed Trap","Quick Cloak","Pragmatic Fatecarver","Cephaliarch's Flail","Camouflaged Hunter","Flawless Dawnbreaker","Inspired Scholarship","Resolving Vigor","Elemental Blockade","Fulminating Rune","Camouflaged Hunter","The Languid Eye"
"Lucent Citadel","Trash Builds","https://www.esologs.com/reports/k9wb3RVGmJD2Xfp7#fight=7&type=summary&source=14","@Vayla_Zvat","Elýsía","herald-x-x-perfected-slivers-of-the-null-arca-spattering-disjunction","dps","Herald","x","x","Spattering Disjunction","Perfected Slivers of the Null Arca","78000.8","17577.6","29.4","78000.8 DPS","","Slimecraw Guise (Slimecraw)","Spattering Disjunction Jack (Spattering Disjunction)","Perfected Null Arca Arm Cops (Perfected Slivers of the Null Arca)","Spattering Disjunction Bracers (Spattering Disjunction)","","Spattering Disjunction Guards (Spattering Disjunction)","Spattering Disjunction Boots (Spattering Disjunction)","","Perfected Null Arca Ring (Perfected Slivers of the Null Arca)","Perfected Null Arca Ring (Perfected Slivers of the Null Arca)","Perfected Null Arca Dagger (Perfected Slivers of the Null Arca)","Perfected Null Arca Dagger (Perfected Slivers of the Null Arca)","The Maelstrom's Perfected Inferno Staff (Perfected Crushing Wall)"," ()","Pragmatic Fatecarver","Quick Cloak","Cephaliarch's Flail","Barbed Trap","Camouflaged Hunter","Flawless Dawnbreaker","Elemental Blockade","Echoing Vigor","Fulminating Rune","Camouflaged Hunter","Inspired Scholarship","The Languid Eye"
"Lucent Citadel","Trash Builds","https://www.esologs.com/reports/k9wb3RVGmJD2Xfp7#fight=7&type=summary&source=1","@Paradoxdruid","Seeker-of-the-Paradox","herald-x-x-perfected-slivers-of-the-null-arca-spattering-disjunction","dps","Herald","x","x","Perfected Slivers of the Null Arca","Spattering Disjunction","94508.6","14438.1","24.5","94508.6 DPS","","Slimecraw Guise (Slimecraw)","Perfected Null Arca Jack (Perfected Slivers of the Null Arca)","Spattering Disjunction Arm Cops (Spattering Disjunction)","Spattering Disjunction Bracers (Spattering Disjunction)","","Perfected Null Arca Guards (Perfected Slivers of the Null Arca)","Spattering Disjunction Boots (Spattering Disjunction)","","Spattering Disjunction Ring (Spattering Disjunction)","Spattering Disjunction Ring (Spattering Disjunction)","Perfected Null Arca Dagger (Perfected Slivers of the Null Arca)","Perfected Null Arca Dagger (Perfected Slivers of the Null Arca)","The Maelstrom's Inferno Staff (Crushing Wall)"," ()","Quick Cloak","Camouflaged Hunter","Cephaliarch's Flail","Pragmatic Fatecarver","Banner Bearer","Flawless Dawnbreaker","Inspired Scholarship","Elemental Blockade","Fulminating Rune","Echoing Vigor","Banner Bearer","The Languid Eye"
"Lucent Citadel","Trash Builds","https://www.esologs.com/reports/k9wb3RVGmJD2Xfp7#fight=7&type=summary&source=4","@Linx26","Erîs","herald-x-x-perfected-slivers-of-the-null-arca-spattering-disjunction","dps","Herald","x","x","Spattering Disjunction","Perfected Slivers of the Null Arca","67610.1","6111.3","27.2","67610.1 DPS","","Slimecraw Guise (Slimecraw)","Spattering Disjunction Jack (Spattering Disjunction)","Perfected Null Arca Arm Cops (Perfected Slivers of the Null Arca)","Spattering Disjunction Bracers (Spattering Disjunction)","","Spattering Disjunction Guards (Spattering Disjunction)","Spattering Disjunction Boots (Spattering Disjunction)","","Perfected Null Arca Ring (Perfected Slivers of the Null Arca)","Perfected Null Arca Ring (Perfected Slivers of the Null Arca)","Perfected Null Arca Dagger (Perfected Slivers of the Null Arca)","Perfected Null Arca Dagger (Perfected Slivers of the Null Arca)","The Maelstrom's Perfected Greatsword (Perfected Merciless Charge)"," ()","Quick Cloak","Cephaliarch's Flail","Pragmatic Fatecarver","Barbed Trap","Banner Bearer","Flawless Dawnbreaker","Resolving Vigor","Stampede","Inspired Scholarship","Fulminating Rune","Banner Bearer","The Languid Eye"
"Lucent Citadel","Trash Builds","https://www.esologs.com/reports/k9wb3RVGmJD2Xfp7#fight=7&type=summary&source=4","@Linx26","Erîs","herald-x-x-perfected-slivers-of-the-null-arca-spattering-disjunction","dps","Herald","x","x","Spattering Disjunction","Perfected Slivers of the Null Arca","56526.3","6698.7","18.5","56526.3 DPS","","Slimecraw Guise (Slimecraw)","Spattering Disjunction Jack (Spattering Disjunction)","Perfected Null Arca Arm Cops (Perfected Slivers of the Null Arca)","Spattering Disjunction Bracers (Spattering Disjunction)","","Spattering Disjunction Guards (Spattering Disjunction)","Spattering Disjunction Boots (Spattering Disjunction)","","Perfected Null Arca Ring (Perfected Slivers of the Null Arca)","Perfected Null Arca Ring (Perfected Slivers of the Null Arca)","Perfected Null Arca Dagger (Perfected Slivers of the Null Arca)","Perfected Null Arca Dagger (Perfected Slivers of the Null Arca)","The Maelstrom's Perfected Greatsword (Perfected Merciless Charge)"," ()","Quick Cloak","Cephaliarch's Flail","Pragmatic Fatecarver","Barbed Trap","Banner Bearer","Flawless Dawnbreaker","Resolving Vigor","Stampede","Inspired Scholarship","Fulminating Rune","Banner Bearer","The Languid Eye"
"Lucent Citadel","Trash Builds","https://www.esologs.com/reports/k9wb3RVGmJD2Xfp7#fight=7&type=summary&source=15","@Hakunamatatur","hakunamatatur","herald-x-x-perfected-slivers-of-the-null-arca-spattering-disjunction","dps","Herald","x","x","Spattering Disjunction","Perfected Slivers of the Null Arca","62181.2","7129.5","22.8","62181.2 DPS","","Slimecraw Mask (Slimecraw)","Spattering Disjunction Jack (Spattering Disjunction)","Perfected Null Arca Arm Cops (Perfected Slivers of the Null Arca)","Spattering Disjunction Bracers (Spattering Disjunction)","","Spattering Disjunction Guards (Spattering Disjunction)","Spattering Disjunction Boots (Spattering Disjunction)","","Shattered Paths Signet (Shattered Paths Signet)","Perfected Null Arca Ring (Perfected Slivers of the Null Arca)","Perfected Null Arca Dagger (Perfected Slivers of the Null Arca)","Perfected Null Arca Dagger (Perfected Slivers of the Null Arca)","The Maelstrom's Perfected Lightning Staff (Perfected Crushing Wall)"," ()","Banner Bearer","Camouflaged Hunter","Quick Cloak","Cephaliarch's Flail","Pragmatic Fatecarver","Flawless Dawnbreaker","Banner Bearer","Fulminating Rune","Elemental Susceptibility","Inspired Scholarship","Unstable Wall of Elements","The Languid Eye"
"Lucent Citadel","Trash Builds","https://www.esologs.com/reports/k9wb3RVGmJD2Xfp7#fight=7&type=summary&source=15","@Hakunamatatur","hakunamatatur","herald-x-x-perfected-slivers-of-the-null-arca-spattering-disjunction","dps","Herald","x","x","Spattering Disjunction","Perfected Slivers of the Null Arca","75494.3","8377.4","18.9","75494.3 DPS","","Slimecraw Mask (Slimecraw)","Spattering Disjunction Jack (Spattering Disjunction)","Perfected Null Arca Arm Cops (Perfected Slivers of the Null Arca)","Spattering Disjunction Bracers (Spattering Disjunction)","","Spattering Disjunction Guards (Spattering Disjunction)","Spattering Disjunction Boots (Spattering Disjunction)","","Shattered Paths Signet (Shattered Paths Signet)","Perfected Null Arca Ring (Perfected Slivers of the Null Arca)","Perfected Null Arca Dagger (Perfected Slivers of the Null Arca)","Perfected Null Arca Dagger (Perfected Slivers of the Null Arca)","The Maelstrom's Perfected Lightning Staff (Perfected Crushing Wall)"," ()","Banner Bearer","Camouflaged Hunter","Quick Cloak","Cephaliarch's Flail","Pragmatic Fatecarver","Flawless Dawnbreaker","Banner Bearer","Fulminating Rune","Elemental Susceptibility","Inspired Scholarship","Unstable Wall of Elements","The Languid Eye"
"Lucent Citadel","Trash Builds","https://www.esologs.com/reports/k9wb3RVGmJD2Xfp7#fight=7&type=summary&source=6","@Thimblewearer","Jade Beamweaver","herald-x-x-perfected-slivers-of-the-null-arca-spattering-disjunction","dps","Herald","x","x","Perfected Slivers of the Null Arca","Spattering Disjunction","89144.0","9762.1","27.7","89144.0 DPS","","Zaan Mask (Zaan)","Perfected Null Arca Jack (Perfected Slivers of the Null Arca)","Spattering Disjunction Arm Cops (Spattering Disjunction)","Spattering Disjunction Bracers (Spattering Disjunction)","","Perfected Null Arca Guards (Perfected Slivers of the Null Arca)","Perfected Null Arca Boots (Perfected Slivers of the Null Arca)","","Spattering Disjunction Ring (Spattering Disjunction)","Spattering Disjunction Ring (Spattering Disjunction)","Perfected Null Arca Dagger (Perfected Slivers of the Null Arca)","Perfected Null Arca Dagger (Perfected Slivers of the Null Arca)","The Maelstrom's Perfected Inferno Staff (Perfected Crushing Wall)"," ()","Cephaliarch's Flail","Pragmatic Fatecarver","Quick Cloak","Camouflaged Hunter","Banner Bearer","Flawless Dawnbreaker","Elemental Blockade","Fulminating Rune","Inspired Scholarship","Elemental Susceptibility","Banner Bearer","The Languid Eye"
"Lucent Citadel","Trash Builds","https://www.esologs.com/reports/k9wb3RVGmJD2Xfp7#fight=7&type=summary&source=6","@Thimblewearer","Jade Beamweaver","herald-x-x-perfected-slivers-of-the-null-arca-spattering-disjunction","dps","Herald","x","x","Perfected Slivers of the Null Arca","Spattering Disjunction","34304.9","5954.4","22.6","34304.9 DPS","","Zaan Mask (Zaan)","Perfected Null Arca Jack (Perfected Slivers of the Null Arca)","Spattering Disjunction Arm Cops (Spattering Disjunction)","Spattering Disjunction Bracers (Spattering Disjunction)","","Perfected Null Arca Guards (Perfected Slivers of the Null Arca)","Perfected Null Arca Boots (Perfected Slivers of the Null Arca)","","Spattering Disjunction Ring (Spattering Disjunction)","Spattering Disjunction Ring (Spattering Disjunction)","Perfected Null Arca Dagger (Perfected Slivers of the Null Arca)","Perfected Null Arca Dagger (Perfected Slivers of the Null Arca)","The Maelstrom's Perfected Inferno Staff (Perfected Crushing Wall)"," ()","Cephaliarch's Flail","Pragmatic Fatecarver","Quick Cloak","Camouflaged Hunter","Banner Bearer","Flawless Dawnbreaker","Elemental Blockade","Fulminating Rune","Inspired Scholarship","Elemental Susceptibility","Banner Bearer","The Languid Eye"
"Lucent Citadel","Trash Builds","https://www.esologs.com/reports/k9wb3RVGmJD2Xfp7#fight=7&type=summary&source=3","@Sylvalynn19","Arcs-and-Recreation","herald-x-x-perfected-slivers-of-the-null-arca-spattering-disjunction","dps","Herald","x","x","Spattering Disjunction","Perfected Slivers of the Null Arca","42652.0","6460.6","25.6","42652.0 DPS","","Zaan Mask (Zaan)","Spattering Disjunction Jack (Spattering Disjunction)","Perfected Null Arca Arm Cops (Perfected Slivers of the Null Arca)","Spattering Disjunction Bracers (Spattering Disjunction)","","Spattering Disjunction Guards (Spattering Disjunction)","Spattering Disjunction Boots (Spattering Disjunction)","","Perfected Null Arca Ring (Perfected Slivers of the Null Arca)","Perfected Null Arca Ring (Perfected Slivers of the Null Arca)","Perfected Null Arca Dagger (Perfected Slivers of the Null Arca)","Perfected Null Arca Dagger (Perfected Slivers of the Null Arca)","The Maelstrom's Perfected Inferno Staff (Perfected Crushing Wall)"," ()","Banner Bearer","Camouflaged Hunter","Quick Cloak","Pragmatic Fatecarver","Cephaliarch's Flail","Flawless Dawnbreaker","Banner Bearer","Resolving Vigor","Fulminating Rune","Elemental Blockade","Recuperative Treatise","The Languid Eye"
"Lucent Citadel","Trash Builds","https://www.esologs.com/reports/VyvdT4M7BqxRZwFp#fight=33&type=summary&source=15","@WiGe06","tebzi pagnumaith","bone-grave-x-corpseburster-perfected-sul-xans-torment","dps","Grave","Bone","x","Corpseburster","Perfected Sul-Xan's Torment","183249.3","14069.7","93.1","183249.3 DPS","","Corpseburster Helmet (Corpseburster)","Perfected Jack of Sul-Xan's Torment (Perfected Sul-Xan's Torment)","The Blind Arm Cops (The Blind)","Perfected Bracers of Sul-Xan's Torment (Perfected Sul-Xan's Torment)","","Perfected Guards of Sul-Xan's Torment (Perfected Sul-Xan's Torment)","Perfected Boots of Sul-Xan's Torment (Perfected Sul-Xan's Torment)","","Corpseburster Ring (Corpseburster)","Corpseburster Ring (Corpseburster)","Corpseburster Dagger (Corpseburster)","Corpseburster Dagger (Corpseburster)","The Maelstrom's Perfected Inferno Staff (Perfected Crushing Wall)"," ()","Banner Bearer","Unnerving Boneyard","Blighted Blastbones","Detonating Siphon","Whirling Blades","Flawless Dawnbreaker","Banner Bearer","Elemental Blockade","Proximity Detonation","Necrotic Potency","Skeletal Archer","Elemental Rage"
"Lucent Citadel","Trash Builds","https://www.esologs.com/reports/VyvdT4M7BqxRZwFp#fight=33&type=summary&source=9","@Smick_94","Nela Beda","bone-grave-x-corpseburster-perfected-sul-xans-torment","dps","Grave","Bone","x","Perfected Sul-Xan's Torment","Corpseburster","127135.5","12119.3","50.9","127135.5 DPS","","Slimecraw Guise (Slimecraw)","Perfected Jack of Sul-Xan's Torment (Perfected Sul-Xan's Torment)","Perfected Arm Cops of Sul-Xan's Torment (Perfected Sul-Xan's Torment)","Perfected Bracers of Sul-Xan's Torment (Perfected Sul-Xan's Torment)","","Perfected Guards of Sul-Xan's Torment (Perfected Sul-Xan's Torment)","Perfected Boots of Sul-Xan's Torment (Perfected Sul-Xan's Torment)","","Corpseburster Ring (Corpseburster)","Corpseburster Ring (Corpseburster)","Corpseburster Dagger (Corpseburster)","Corpseburster Dagger (Corpseburster)","The Maelstrom's Perfected Inferno Staff (Perfected Crushing Wall)"," ()","Blighted Blastbones","Ruinous Scythe","Unnerving Boneyard","Detonating Siphon","Banner Bearer","Flawless Dawnbreaker","Elemental Blockade","Magical Burst","Necrotic Potency","Skeletal Archer","Banner Bearer","Elemental Rage"
"Lucent Citadel","Trash Builds","https://www.esologs.com/reports/VyvdT4M7BqxRZwFp#fight=33&type=summary&source=14","@JuicyJelly","Kek Cro","bone-grave-x-corpseburster-perfected-sul-xans-torment","dps","Grave","Bone","x","Perfected Sul-Xan's Torment","Corpseburster","121284.5","7233.9","72.0","121284.5 DPS","","Slimecraw Mask (Slimecraw)","Perfected Jack of Sul-Xan's Torment (Perfected Sul-Xan's Torment)","Perfected Arm Cops of Sul-Xan's Torment (Perfected Sul-Xan's Torment)","Perfected Bracers of Sul-Xan's Torment (Perfected Sul-Xan's Torment)","","Perfected Guards of Sul-Xan's Torment (Perfected Sul-Xan's Torment)","Perfected Boots of Sul-Xan's Torment (Perfected Sul-Xan's Torment)","","Corpseburster Ring (Corpseburster)","Corpseburster Ring (Corpseburster)","Corpseburster Dagger (Corpseburster)","Corpseburster Dagger (Corpseburster)","The Maelstrom's Perfected Inferno Staff (Perfected Crushing Wall)"," ()","Detonating Siphon","Ghostly Embrace","Whirling Blades","Quick Cloak","Banner Bearer","Flawless Dawnbreaker","Elemental Blockade","Blighted Blastbones","Necrotic Potency","Proximity Detonation","Banner Bearer","Glacial Colossus"
"Lucent Citadel","Trash Builds","https://www.esologs.com/reports/VyvdT4M7BqxRZwFp#fight=33&type=summary&source=5","@K1LL3R-Cfrags","Mia Regaza","bone-grave-x-corpseburster-perfected-sul-xans-torment","dps","Grave","Bone","x","Perfected Sul-Xan's Torment","Corpseburster","85072.3","4565.2","56.0","85072.3 DPS","","Slimecraw Mask (Slimecraw)","Perfected Jack of Sul-Xan's Torment (Perfected Sul-Xan's Torment)","Corpseburster Arm Cops (Corpseburster)","Perfected Bracers of Sul-Xan's Torment (Perfected Sul-Xan's Torment)","","Perfected Guards of Sul-Xan's Torment (Perfected Sul-Xan's Torment)","Perfected Boots of Sul-Xan's Torment (Perfected Sul-Xan's Torment)","","Corpseburster Ring (Corpseburster)","Corpseburster Ring (Corpseburster)","Corpseburster Dagger (Corpseburster)","Corpseburster Dagger (Corpseburster)","The Maelstrom's Perfected Bow (Perfected Thunderous Volley)"," ()","Ghostly Embrace","Steel Tornado","Detonating Siphon","Quick Cloak","Camouflaged Hunter","Flawless Dawnbreaker","Blighted Blastbones","Endless Hail","Necrotic Potency","Camouflaged Hunter","Skeletal Archer","Glacial Colossus"
"Lucent Citadel","Trash Builds","https://www.esologs.com/reports/VyvdT4M7BqxRZwFp#fight=33&type=summary&source=28","@Jdog2716","Netchbone Necra","bone-grave-x-corpseburster-perfected-sul-xans-torment","dps","Grave","Bone","x","Corpseburster","Perfected Sul-Xan's Torment","138155.0","2074.6","84.9","138155.0 DPS","","Corpseburster Helmet (Corpseburster)","Perfected Jack of Sul-Xan's Torment (Perfected Sul-Xan's Torment)","Slimecraw Epaulets (Slimecraw)","Perfected Bracers of Sul-Xan's Torment (Perfected Sul-Xan's Torment)","","Perfected Guards of Sul-Xan's Torment (Perfected Sul-Xan's Torment)","Perfected Boots of Sul-Xan's Torment (Perfected Sul-Xan's Torment)","","Corpseburster Ring (Corpseburster)","Corpseburster Ring (Corpseburster)","Corpseburster Dagger (Corpseburster)","Corpseburster Dagger (Corpseburster)","The Maelstrom's Bow (Thunderous Volley)"," ()","Ghostly Embrace","Detonating Siphon","Whirling Blades","Camouflaged Hunter","Banner Bearer","Flawless Dawnbreaker","Blighted Blastbones","Arrow Barrage","Necrotic Potency","Skeletal Archer","Banner Bearer","Glacial Colossus"
"Lucent Citadel","Trash Builds","https://www.esologs.com/reports/VyvdT4M7BqxRZwFp#fight=33&type=summary&source=4","@Glorious_ufs","Enlightened man","bone-grave-x-corpseburster-perfected-sul-xans-torment","dps","Grave","Bone","x","Corpseburster","Perfected Sul-Xan's Torment","163102.7","17281.6","62.1","163102.7 DPS","","Corpseburster Helmet (Corpseburster)","Perfected Jack of Sul-Xan's Torment (Perfected Sul-Xan's Torment)","Zaan Epaulets (Zaan)","Perfected Bracers of Sul-Xan's Torment (Perfected Sul-Xan's Torment)","","Perfected Guards of Sul-Xan's Torment (Perfected Sul-Xan's Torment)","Perfected Boots of Sul-Xan's Torment (Perfected Sul-Xan's Torment)","","Corpseburster Ring (Corpseburster)","Corpseburster Ring (Corpseburster)","Corpseburster Dagger (Corpseburster)","Corpseburster Dagger (Corpseburster)","The Maelstrom's Perfected Inferno Staff (Perfected Crushing Wall)"," ()","Whirling Blades","Blighted Blastbones","Unnerving Boneyard","Banner Bearer","Detonating Siphon","Flawless Dawnbreaker","Elemental Blockade","Necrotic Potency","Skeletal Archer","Banner Bearer","Anti-Cavalry Caltrops","Pestilent Colossus"
"Lucent Citadel","Trash Builds","https://www.esologs.com/reports/VyvdT4M7BqxRZwFp#fight=33&type=summary&source=12","@Maglaud","Bone Boyo","bone-grave-x-corpseburster-perfected-sul-xans-torment","dps","Grave","Bone","x","Perfected Sul-Xan's Torment","Corpseburster","155470.4","15111.1","72.1","155470.4 DPS","","Slimecraw Mask (Slimecraw)","Perfected Jack of Sul-Xan's Torment (Perfected Sul-Xan's Torment)","Corpseburster Arm Cops (Corpseburster)","Perfected Bracers of Sul-Xan's Torment (Perfected Sul-Xan's Torment)","","Perfected Guards of Sul-Xan's Torment (Perfected Sul-Xan's Torment)","Perfected Boots of Sul-Xan's Torment (Perfected Sul-Xan's Torment)","","Corpseburster Ring (Corpseburster)","Corpseburster Ring (Corpseburster)","Corpseburster Dagger (Corpseburster)","Corpseburster Dagger (Corpseburster)","The Maelstrom's Perfected Greatsword (Perfected Merciless Charge)"," ()","Banner Bearer","Venom Skull","Blighted Blastbones","Detonating Siphon","Unnerving Boneyard","Flawless Dawnbreaker","Necrotic Potency","Banner Bearer","Mystic Orb","Anti-Cavalry Caltrops","Stampede","Pestilent Colossus"
"Lucent Citadel","Trash Builds","https://www.esologs.com/reports/VyvdT4M7BqxRZwFp#fight=33&type=summary&source=42","@Im5HEAD","The Dark In Me","bone-grave-x-corpseburster-perfected-sul-xans-torment","dps","Grave","Bone","x","Corpseburster","Perfected Sul-Xan's Torment","89826.9","1370.6","76.3","89826.9 DPS","","Slimecraw Guise (Slimecraw)","Corpseburster Jack (Corpseburster)","Corpseburster Arm Cops (Corpseburster)","Corpseburster Bracers (Corpseburster)","","Perfected Guards of Sul-Xan's Torment (Perfected Sul-Xan's Torment)","Perfected Boots of Sul-Xan's Torment (Perfected Sul-Xan's Torment)","","Perfected Ring of Sul-Xan's Torment (Perfected Sul-Xan's Torment)","Perfected Ring of Sul-Xan's Torment (Perfected Sul-Xan's Torment)","Corpseburster Dagger (Corpseburster)","Corpseburster Dagger (Corpseburster)","The Maelstrom's Perfected Greatsword (Perfected Merciless Charge)"," ()","Blighted Blastbones","Whirling Blades","Detonating Siphon","Banner Bearer","Camouflaged Hunter","Flawless Dawnbreaker","Stampede","Unnerving Boneyard","Necrotic Potency","Banner Bearer","Proximity Detonation","Shooting Star"
"Lucent Citadel","Trash Builds","https://www.esologs.com/reports/VyvdT4M7BqxRZwFp#fight=33&type=summary&source=7","@Maglaud","Bone Boyo","bone-grave-x-corpseburster-perfected-sul-xans-torment","dps","Grave","Bone","x","Perfected Sul-Xan's Torment","Corpseburster","144796.5","6730.6","62.4","144796.5 DPS","","Slimecraw Mask (Slimecraw)","Perfected Jack of Sul-Xan's Torment (Perfected Sul-Xan's Torment)","Corpseburster Arm Cops (Corpseburster)","Perfected Bracers of Sul-Xan's Torment (Perfected Sul-Xan's Torment)","","Perfected Guards of Sul-Xan's Torment (Perfected Sul-Xan's Torment)","Perfected Boots of Sul-Xan's Torment (Perfected Sul-Xan's Torment)","","Corpseburster Ring (Corpseburster)","Corpseburster Ring (Corpseburster)","Corpseburster Dagger (Corpseburster)","Corpseburster Dagger (Corpseburster)","The Maelstrom's Perfected Greatsword (Perfected Merciless Charge)"," ()","Banner Bearer","Venom Skull","Blighted Blastbones","Detonating Siphon","Unnerving Boneyard","Flawless Dawnbreaker","Necrotic Potency","Banner Bearer","Mystic Orb","Anti-Cavalry Caltrops","Stampede","Pestilent Colossus"
"Lucent Citadel","Trash Builds","https://www.esologs.com/reports/VyvdT4M7BqxRZwFp#fight=33&type=summary&source=11","@Glorious_ufs","Enlightened man","bone-grave-x-corpseburster-perfected-sul-xans-torment","dps","Grave","Bone","x","Corpseburster","Perfected Sul-Xan's Torment","192253.7","2778.2","48.1","192253.7 DPS","The Atronach","Corpseburster Helmet (Corpseburster)","Perfected Jack of Sul-Xan's Torment (Perfected Sul-Xan's Torment)","Zaan Epaulets (Zaan)","Perfected Bracers of Sul-Xan's Torment (Perfected Sul-Xan's Torment)","","Perfected Guards of Sul-Xan's Torment (Perfected Sul-Xan's Torment)","Perfected Boots of Sul-Xan's Torment (Perfected Sul-Xan's Torment)","","Corpseburster Ring (Corpseburster)","Corpseburster Ring (Corpseburster)","Corpseburster Dagger (Corpseburster)","Corpseburster Dagger (Corpseburster)","The Maelstrom's Perfected Inferno Staff (Perfected Crushing Wall)"," ()","Whirling Blades","Blighted Blastbones","Unnerving Boneyard","Banner Bearer","Detonating Siphon","Flawless Dawnbreaker","Elemental Blockade","Necrotic Potency","Skeletal Archer","Banner Bearer","Anti-Cavalry Caltrops","Pestilent Colossus"
"Lucent Citadel","Trash Builds","https://www.esologs.com/reports/VyvdT4M7BqxRZwFp#fight=33&type=summary&source=10","@rockstarrem","Clyde Oui","ass-shadow-siphon-perfected-slivers-of-the-null-arca-savage-werewolf","dps","Ass","Shadow","Siphon","Perfected Slivers of the Null Arca","Savage Werewolf","51588.9","14557.9","69.5","51588.9 DPS","","Slimecraw Guise (Slimecraw)","Perfected Null Arca Jack (Perfected Slivers of the Null Arca)","Savage Werewolf's Arm Cops (Savage Werewolf)","Perfected Null Arca Bracers (Perfected Slivers of the Null Arca)","","Perfected Null Arca Guards (Perfected Slivers of the Null Arca)","Perfected Null Arca Boots (Perfected Slivers of the Null Arca)","","Savage Werewolf's Ring (Savage Werewolf)","Shattered Paths Signet (Shattered Paths Signet)","Savage Werewolf's Dagger (Savage Werewolf)","Savage Werewolf's Dagger (Savage Werewolf)","The Maelstrom's Perfected Greatsword (Perfected Merciless Charge)"," ()","Barbed Trap","Merciless Resolve","Quick Cloak","Killer's Blade","Surprise Attack","Werewolf Berserker","Stampede","Debilitate","Carve","Shadowy Disguise","Dark Shade","Werewolf Berserker"
"Lucent Citadel","Trash Builds","https://www.esologs.com/reports/VyvdT4M7BqxRZwFp#fight=33&type=summary&source=10","@rockstarrem","Clyde Oui","ass-shadow-siphon-perfected-slivers-of-the-null-arca-savage-werewolf","dps","Ass","Shadow","Siphon","Perfected Slivers of the Null Arca","Savage Werewolf","71965.5","8365.4","39.1","71965.5 DPS","","Slimecraw Guise (Slimecraw)","Perfected Null Arca Jack (Perfected Slivers of the Null Arca)","Savage Werewolf's Arm Cops (Savage Werewolf)","Perfected Null Arca Bracers (Perfected Slivers of the Null Arca)","","Perfected Null Arca Guards (Perfected Slivers of the Null Arca)","Perfected Null Arca Boots (Perfected Slivers of the Null Arca)","","Savage Werewolf's Ring (Savage Werewolf)","Shattered Paths Signet (Shattered Paths Signet)","Savage Werewolf's Dagger (Savage Werewolf)","Savage Werewolf's Dagger (Savage Werewolf)","The Maelstrom's Perfected Greatsword (Perfected Merciless Charge)"," ()","Barbed Trap","Merciless Resolve","Quick Cloak","Killer's Blade","Surprise Attack","Werewolf Berserker","Stampede","Debilitate","Carve","Shadowy Disguise","Dark Shade","Werewolf Berserker"
"Lucent Citadel","Trash Builds","https://www.esologs.com/reports/VyvdT4M7BqxRZwFp#fight=33&type=summary&source=4","@Glaistig_Uaine","Invicta Toxica","ass-shadow-siphon-perfected-slivers-of-the-null-arca-savage-werewolf","dps","Ass","Shadow","Siphon","Perfected Slivers of the Null Arca","Savage Werewolf","87409.9","2917.3","39.6","87409.9 DPS","","Perfected Null Arca Helmet (Perfected Slivers of the Null Arca)","Savage Werewolf's Jack (Savage Werewolf)","Slimecraw Arm Cops (Slimecraw)","Savage Werewolf's Bracers (Savage Werewolf)","","Savage Werewolf's Guards (Savage Werewolf)","Savage Werewolf's Boots (Savage Werewolf)","","Shattered Paths Signet (Shattered Paths Signet)","Perfected Null Arca Ring (Perfected Slivers of the Null Arca)","Null Arca Dagger (Slivers of the Null Arca)","Null Arca Dagger (Slivers of the Null Arca)","The Maelstrom's Inferno Staff (Crushing Wall)"," ()","Impale","Debilitate","Concealed Weapon","Shadowy Disguise","Merciless Resolve","Werewolf Berserker","Elemental Blockade","Path of Darkness","Sap Essence","Dark Shade","Caltrops","Soul Tether"
"Lucent Citadel","Trash Builds","https://www.esologs.com/reports/VyvdT4M7BqxRZwFp#fight=33&type=summary&source=4","@Glaistig_Uaine","Invicta Toxica","ass-shadow-siphon-perfected-slivers-of-the-null-arca-savage-werewolf","dps","Ass","Shadow","Siphon","Perfected Slivers of the Null Arca","Savage Werewolf","58471.2","6046.3","37.1","58471.2 DPS","","Perfected Null Arca Helmet (Perfected Slivers of the Null Arca)","Savage Werewolf's Jack (Savage Werewolf)","Slimecraw Arm Cops (Slimecraw)","Savage Werewolf's Bracers (Savage Werewolf)","","Savage Werewolf's Guards (Savage Werewolf)","Savage Werewolf's Boots (Savage Werewolf)","","Shattered Paths Signet (Shattered Paths Signet)","Perfected Null Arca Ring (Perfected Slivers of the Null Arca)","Null Arca Dagger (Slivers of the Null Arca)","Null Arca Dagger (Slivers of the Null Arca)","The Maelstrom's Inferno Staff (Crushing Wall)"," ()","Impale","Debilitate","Concealed Weapon","Shadowy Disguise","Merciless Resolve","Werewolf Berserker","Elemental Blockade","Path of Darkness","Sap Essence","Dark Shade","Caltrops","Soul Tether"
"Lucent Citadel","Trash Builds","https://www.esologs.com/reports/VyvdT4M7BqxRZwFp#fight=33&type=summary&source=11","@madRedHead","Mad Cat Disease","ass-shadow-siphon-perfected-slivers-of-the-null-arca-savage-werewolf","dps","Ass","Shadow","Siphon","Savage Werewolf","Perfected Slivers of the Null Arca","93623.0","15798.2","62.1","93623.0 DPS","","Slimecraw Guise (Slimecraw)","Savage Werewolf's Jack (Savage Werewolf)","Perfected Null Arca Arm Cops (Perfected Slivers of the Null Arca)","Savage Werewolf's Bracers (Savage Werewolf)","","Savage Werewolf's Guards (Savage Werewolf)","Savage Werewolf's Boots (Savage Werewolf)","","Shattered Paths Signet (Shattered Paths Signet)","Perfected Null Arca Ring (Perfected Slivers of the Null Arca)","Perfected Null Arca Dagger (Perfected Slivers of the Null Arca)","Perfected Null Arca Dagger (Perfected Slivers of the Null Arca)","The Maelstrom's Perfected Greatsword (Perfected Merciless Charge)"," ()","Barbed Trap","Surprise Attack","Killer's Blade","Shadowy Disguise","Relentless Focus","Werewolf Berserker","Twisting Path","Stampede","Dark Shade","Debilitate","Siphoning Attacks","Veil of Blades"
"Lucent Citadel","Trash Builds","https://www.esologs.com/reports/VyvdT4M7BqxRZwFp#fight=33&type=summary&source=11","@madRedHead","Mad Cat Disease","ass-shadow-siphon-perfected-slivers-of-the-null-arca-savage-werewolf","dps","Ass","Shadow","Siphon","Savage Werewolf","Perfected Slivers of the Null Arca","118955.3","8964.5","48.0","118955.3 DPS","The Atronach","Slimecraw Guise (Slimecraw)","Savage Werewolf's Jack (Savage Werewolf)","Perfected Null Arca Arm Cops (Perfected Slivers of the Null Arca)","Savage Werewolf's Bracers (Savage Werewolf)","","Savage Werewolf's Guards (Savage Werewolf)","Savage Werewolf's Boots (Savage Werewolf)","","Shattered Paths Signet (Shattered Paths Signet)","Perfected Null Arca Ring (Perfected Slivers of the Null Arca)","Perfected Null Arca Dagger (Perfected Slivers of the Null Arca)","Perfected Null Arca Dagger (Perfected Slivers of the Null Arca)","The Maelstrom's Perfected Greatsword (Perfected Merciless Charge)"," ()","Barbed Trap","Surprise Attack","Killer's Blade","Shadowy Disguise","Relentless Focus","Werewolf Berserker","Twisting Path","Stampede","Dark Shade","Debilitate","Siphoning Attacks","Veil of Blades"
"Lucent Citadel","Trash Builds","https://www.esologs.com/reports/b2kAayxvgfpFB3qm#fight=15&type=summary&source=24","@AMD_305","Ciri-V","herald-soldier-x-perfected-slivers-of-the-null-arca-spattering-disjunction","dps","Herald","Soldier","x","Spattering Disjunction","Perfected Slivers of the Null Arca","129050.8","4167.0","35.8","129050.8 DPS","The Thief","Spattering Disjunction Helmet (Spattering Disjunction)","Perfected Null Arca Jack (Perfected Slivers of the Null Arca)","Slimecraw Arm Cops (Slimecraw)","Perfected Null Arca Bracers (Perfected Slivers of the Null Arca)","","Perfected Null Arca Guards (Perfected Slivers of the Null Arca)","Perfected Null Arca Boots (Perfected Slivers of the Null Arca)","","Spattering Disjunction Ring (Spattering Disjunction)","Spattering Disjunction Ring (Spattering Disjunction)","Spattering Disjunction Dagger (Spattering Disjunction)","Spattering Disjunction Dagger (Spattering Disjunction)","The Maelstrom's Perfected Inferno Staff (Perfected Crushing Wall)"," ()","Cephaliarch's Flail","Camouflaged Hunter","Barbed Trap","Pragmatic Fatecarver","Quick Cloak","Flawless Dawnbreaker","Fulminating Rune","Inspired Scholarship","Anti-Cavalry Caltrops","Cruxweaver Armor","Elemental Blockade","The Languid Eye"
"Lucent Citadel","Trash Builds","https://www.esologs.com/reports/b2kAayxvgfpFB3qm#fight=15&type=summary&source=24","@AMD_305","Ciri-V","herald-soldier-x-perfected-slivers-of-the-null-arca-spattering-disjunction","dps","Herald","Soldier","x","Spattering Disjunction","Perfected Slivers of the Null Arca","63857.0","3002.8","26.1","63857.0 DPS","","Spattering Disjunction Helmet (Spattering Disjunction)","Perfected Null Arca Jack (Perfected Slivers of the Null Arca)","Slimecraw Arm Cops (Slimecraw)","Perfected Null Arca Bracers (Perfected Slivers of the Null Arca)","","Perfected Null Arca Guards (Perfected Slivers of the Null Arca)","Perfected Null Arca Boots (Perfected Slivers of the Null Arca)","","Spattering Disjunction Ring (Spattering Disjunction)","Spattering Disjunction Ring (Spattering Disjunction)","Spattering Disjunction Dagger (Spattering Disjunction)","Spattering Disjunction Dagger (Spattering Disjunction)","The Maelstrom's Perfected Inferno Staff (Perfected Crushing Wall)"," ()","Cephaliarch's Flail","Camouflaged Hunter","Barbed Trap","Pragmatic Fatecarver","Quick Cloak","Flawless Dawnbreaker","Fulminating Rune","Inspired Scholarship","Structured Entropy","Cruxweaver Armor","Elemental Blockade","The Languid Eye"
"Lucent Citadel","Trash Builds","https://www.esologs.com/reports/b2kAayxvgfpFB3qm#fight=15&type=summary&source=26","@Krophos","Kael the Fading Moon","herald-soldier-x-perfected-slivers-of-the-null-arca-spattering-disjunction","dps","Herald","Soldier","x","Perfected Slivers of the Null Arca","Spattering Disjunction","103156.4","5035.2","26.6","103156.4 DPS","","Perfected Null Arca Helmet (Perfected Slivers of the Null Arca)","Spattering Disjunction Jack (Spattering Disjunction)","Arm Cops of the Thousand Eyes (Thousand Eyes)","Spattering Disjunction Bracers (Spattering Disjunction)","","Perfected Null Arca Guards (Perfected Slivers of the Null Arca)","Perfected Null Arca Boots (Perfected Slivers of the Null Arca)","","Spattering Disjunction Ring (Spattering Disjunction)","Spattering Disjunction Ring (Spattering Disjunction)","Perfected Null Arca Dagger (Perfected Slivers of the Null Arca)","Perfected Null Arca Dagger (Perfected Slivers of the Null Arca)","The Maelstrom's Perfected Greatsword (Perfected Merciless Charge)"," ()","Camouflaged Hunter","Quick Cloak","Cephaliarch's Flail","Pragmatic Fatecarver","Barbed Trap","Flawless Dawnbreaker","Camouflaged Hunter","Inspired Scholarship","Stampede","Fulminating Rune","Cruxweaver Armor","The Languid Eye"
"Lucent Citadel","Trash Builds","https://www.esologs.com/reports/b2kAayxvgfpFB3qm#fight=15&type=summary&source=9","@AnnTaloz","Schlorper","herald-soldier-x-perfected-slivers-of-the-null-arca-spattering-disjunction","dps","Herald","Soldier","x","Spattering Disjunction","Perfected Slivers of the Null Arca","82400.7","1906.6","22.5","82400.7 DPS","","Slimecraw Mask (Slimecraw)","Spattering Disjunction Jack (Spattering Disjunction)","Perfected Null Arca Arm Cops (Perfected Slivers of the Null Arca)","Spattering Disjunction Bracers (Spattering Disjunction)","","Spattering Disjunction Guards (Spattering Disjunction)","Spattering Disjunction Boots (Spattering Disjunction)","","Null Arca Ring (Slivers of the Null Arca)","Null Arca Ring (Slivers of the Null Arca)","Null Arca Dagger (Slivers of the Null Arca)","Null Arca Dagger (Slivers of the Null Arca)","The Maelstrom's Perfected Greatsword (Perfected Merciless Charge)"," ()","Cephaliarch's Flail","Exhausting Fatecarver","Quick Cloak","Resolving Vigor","Camouflaged Hunter","Flawless Dawnbreaker","Fulminating Rune","Inspired Scholarship","Stampede","Ulfsild's Contingency","Cruxweaver Armor","The Languid Eye"
"Lucent Citadel","Trash Builds","https://www.esologs.com/reports/b2kAayxvgfpFB3qm#fight=15&type=summary&source=9","@AnnTaloz","Schlorper","herald-soldier-x-perfected-slivers-of-the-null-arca-spattering-disjunction","dps","Herald","Soldier","x","Spattering Disjunction","Perfected Slivers of the Null Arca","41618.0","7263.1","18.1","41618.0 DPS","","Slimecraw Mask (Slimecraw)","Spattering Disjunction Jack (Spattering Disjunction)","Perfected Null Arca Arm Cops (Perfected Slivers of the Null Arca)","Spattering Disjunction Bracers (Spattering Disjunction)","","Spattering Disjunction Guards (Spattering Disjunction)","Spattering Disjunction Boots (Spattering Disjunction)","","Null Arca Ring (Slivers of the Null Arca)","Null Arca Ring (Slivers of the Null Arca)","Null Arca Dagger (Slivers of the Null Arca)","Null Arca Dagger (Slivers of the Null Arca)","The Maelstrom's Perfected Greatsword (Perfected Merciless Charge)"," ()","Cephaliarch's Flail","Exhausting Fatecarver","Quick Cloak","Resolving Vigor","Camouflaged Hunter","Flawless Dawnbreaker","Fulminating Rune","Inspired Scholarship","Stampede","Ulfsild's Contingency","Cruxweaver Armor","The Languid Eye"
